0 0.75876629601227 0.2058473926380368 0.0359375 0.04583333333333333
0 0.37088068181818185 0.28929924242424243 0.0453125 0.06875000000000003
0 0.71328125 0.6066287878787879 0.0484375 0.06458333333333334
0 0.8571022727272727 0.909375 0.0390625 0.03958333333333333
0 0.790625 0.8541666666666666 0.04375 0.05416666666666667
0 0.753125 0.9770833333333333 0.034375 0.04583333333333333
0 0.6553679435483871 0.5006048387096774 0.03956653225806459 0.05658602150537633
0 0.97265625 0.93515625 0.04375 0.05416666666666667
0 0.95029296875 0.10559895833333334 0.0396484375 0.05755208333333333
0 0.9422092878486055 0.035416666666666666 0.034418575697211115 0.04583333333333333
