0 0.75859375 0.20625 0.0359375 0.04583333333333333
0 0.369775390625 0.23958333333333334 0.0453125 0.06875
0 0.7077934451219512 0.5879827235772358 0.0484375 0.06458333333333334
0 0.8544270833333334 0.9163194444444444 0.0390625 0.03958333333333333
0 0.790625 0.8541666666666666 0.04375 0.05416666666666667
0 0.753125 0.9770833333333333 0.034375 0.04583333333333333
0 0.6234375 0.409375 0.04375 0.0631944444444444
0 0.99375 0.8114583333333333 0.0125 0.06458333333333334
0 0.86875 0.07916666666666666 0.04375 0.058333333333333334
0 0.9417050547808765 0.035416666666666666 0.03341010956175303 0.04583333333333333
