0 0.7618912960122699 0.19855572597137014 0.0359375 0.04583333333333333
0 0.30127314814814815 0.5672453703703704 0.046875 0.06458333333333334
0 0.8458333333333332 0.7270447530864198 0.04444444444444447 0.05516975308641972
0 0.7124421296296297 0.7401234567901234 0.040625 0.06666666666666667
0 0.9338541666666667 0.8818055555555555 0.040625 0.058333333333333334
0 0.7912522977941177 0.8566758578431374 0.04500459558823522 0.059185049019607895
0 0.7453125 0.9645833333333333 0.034375 0.06666666666666667
0 0.9536458333333332 0.8356944444444444 0.039374999999999896 0.051111111111111045
0 0.75234375 0.928125 0.0453125 0.05625
0 0.734375 0.9744047619047619 0.0375 0.041666666666666664
0 0.9452628968253969 0.0271494708994709 0.0375 0.04583333333333333
