0 0.75859375 0.20625 0.0359375 0.04583333333333333
0 0.369970703125 0.24375 0.0453125 0.06875
0 0.7084032012195122 0.5892022357723578 0.0484375 0.06458333333333334
0 0.8573437500000001 0.9185416666666666 0.0390625 0.03958333333333333
0 0.790625 0.8541666666666666 0.04375 0.05416666666666667
0 0.753125 0.9770833333333333 0.034375 0.04583333333333333
0 0.6253125 0.41687500000000005 0.04500000000000002 0.06374999999999999
0 0.99375 0.8141369047619047 0.0125 0.06458333333333334
0 0.875625 0.08666666666666667 0.04375 0.058333333333333334
0 0.941742405378486 0.035416666666666666 0.033484810756972114 0.04583333333333333
