0 0.7620734279141105 0.19813075153374232 0.0359375 0.04583333333333333
0 0.29192708333333334 0.5760416666666667 0.046875 0.06458333333333334
0 0.828515625 0.7178819444444445 0.04609375 0.05590277777777774
0 0.7135416666666667 0.7496527777777777 0.040625 0.06666666666666667
0 0.947265625 0.8716145833333333 0.03125 0.05677083333333333
0 0.7912959558823529 0.8568504901960784 0.04509191176470591 0.059534313725490166
0 0.7440625 0.9641666666666667 0.03687500000000003 0.06749999999999995
0 0.9546875 0.8526041666666667 0.04453125 0.05
0 0.73328125 0.9577083333333333 0.0453125 0.05625
0 0.9451016865079364 0.027645502645502643 0.03707837301587293 0.04470899470899471
