0 0.7621021855828221 0.19806365030674847 0.0359375 0.04583333333333333
0 0.2904513888888889 0.5774305555555556 0.046875 0.06458333333333334
0 0.82578125 0.7164351851851852 0.046354166666666786 0.056018518518518454
0 0.7137152777777778 0.7511574074074073 0.040625 0.06666666666666667
0 0.95078125 0.8682291666666667 0.03125 0.05520833333333333
0 0.7913028492647058 0.8568780637254902 0.04510569852941178 0.05958946078431377
0 0.7438651315789474 0.9641008771929823 0.03726973684210524 0.06763157894736847
0 0.9546875 0.8572916666666667 0.0453125 0.05
0 0.72578125 0.9614583333333333 0.0453125 0.05625
0 0.9450644841269842 0.027744708994708996 0.03700396825396819 0.04451058201058201
