0 0.7625718941717792 0.19696766359918202 0.0359375 0.04583333333333333
0 0.26841517857142855 0.6270833333333333 0.0421875 0.041666666666666664
0 0.7783482142857142 0.7136904761904762 0.048214285714285675 0.058928571428571414
0 0.7103794642857142 0.7773809523809523 0.03325892857142856 0.048214285714285765
0 0.9448660714285714 0.8086309523809523 0.04375 0.05238095238095243
0 0.7915178571428572 0.8574404761904761 0.046428571428571444 0.06130952380952384
0 0.740641447368421 0.9630263157894736 0.04371710526315793 0.06978070175438601
0 0.9243303571428572 0.8714285714285714 0.053125 0.06666666666666667
0 0.6731770833333333 0.9833333333333333 0.0359375 0.03333333333333333
0 0.9449776785714284 0.029910714285714287 0.03638392857142865 0.04255952380952381
