0 0.7589963573619631 0.2053105828220859 0.0359375 0.04583333333333333
0 0.3768465909090909 0.3097537878787879 0.0453125 0.06875
0 0.71328125 0.6168560606060606 0.0484375 0.06458333333333334
0 0.8613636363636363 0.909375 0.0390625 0.03958333333333333
0 0.790625 0.8541666666666666 0.04375 0.05416666666666667
0 0.753125 0.9770833333333333 0.034375 0.04583333333333333
0 0.6698840725806452 0.5385080645161291 0.0419858870967742 0.05819892473118274
0 0.96015625 0.9802083333333333 0.0453125 0.03958333333333333
0 0.9755859375 0.13190104166666666 0.0375 0.06458333333333334
0 0.9424333914342629 0.035416666666666666 0.03486678286852598 0.04583333333333333
