0 0.75859375 0.20625 0.0359375 0.04583333333333333
0 0.36953125 0.26979166666666665 0.0453125 0.06875
0 0.7123666158536586 0.5971290650406504 0.0484375 0.06458333333333334
0 0.8557091346153847 0.9122596153846153 0.0390625 0.03958333333333333
0 0.790625 0.8541666666666666 0.04375 0.05416666666666667
0 0.753125 0.9770833333333333 0.034375 0.04583333333333333
0 0.6484375 0.45798611111111115 0.0375 0.05625
0 0.9883928571428571 0.8785714285714284 0.023214285714285764 0.06190476190476192
0 0.915625 0.11041666666666666 0.04375 0.058333333333333334
0 0.9419851842629482 0.035416666666666666 0.03397036852589643 0.04583333333333333
