0 0.7612298696319019 0.20009905419222904 0.0359375 0.04583333333333333
0 0.332421875 0.5036458333333333 0.046875 0.06458333333333334
0 0.91953125 0.75 0.04296875 0.05520833333333333
0 0.707421875 0.7072916666666667 0.0515625 0.06875
0 0.9240234375 0.9020833333333333 0.039453125 0.04583333333333333
0 0.79109375 0.8560416666666666 0.04468750000000003 0.05791666666666669
0 0.75029296875 0.9594401041666667 0.0359375 0.06458333333333334
0 0.9791015625 0.7966145833333333 0.034765625 0.059895833333333336
0 0.8455078125 0.884375 0.039453125 0.06041666666666667
0 0.7333984375 0.8692708333333333 0.032421875 0.058333333333333334
0 0.94375 0.02966666666666667 0.0375 0.04583333333333333
