0 0.7623418328220859 0.19750447341513291 0.0359375 0.04583333333333333
0 0.2787459935897436 0.6020299145299146 0.04459134615384612 0.05341880341880353
0 0.8012820512820513 0.7135416666666666 0.046875 0.05625
0 0.7117788461538461 0.7638087606837607 0.03605769230769233 0.057532051282051334
0 0.9505809294871795 0.8335470085470085 0.036578525641025726 0.05106837606837603
0 0.7913602941176471 0.8571078431372549 0.0452205882352942 0.06004901960784312
0 0.7422203947368422 0.9635526315789474 0.04055921052631577 0.06872807017543855
0 0.940224358974359 0.867681623931624 0.049919871794871895 0.05811965811965815
0 0.69796875 0.9739583333333334 0.04906249999999997 0.052083333333333336
0 0.9447544642857142 0.028571428571428574 0.03638392857142865 0.04285714285714285
