0 0.7589004984662576 0.2055342535787321 0.0359375 0.04583333333333333
0 0.3743607954545455 0.3012310606060606 0.0453125 0.06875
0 0.71328125 0.612594696969697 0.0484375 0.06458333333333334
0 0.8595880681818182 0.909375 0.0390625 0.03958333333333333
0 0.790625 0.8541666666666666 0.04375 0.05416666666666667
0 0.753125 0.9770833333333333 0.034375 0.04583333333333333
0 0.663835685483871 0.5227150537634409 0.040977822580645105 0.05752688172043007
0 0.9703725961538462 0.9633814102564102 0.044110576923077 0.04439102564102567
0 0.969140625 0.12458333333333332 0.03703125000000007 0.06374999999999999
0 0.942340014940239 0.035416666666666666 0.034680029880478004 0.04583333333333333
