0 0.7586896088957056 0.2060263292433538 0.0359375 0.04583333333333333
0 0.36889204545454546 0.2824810606060606 0.0453125 0.06875
0 0.71328125 0.603219696969697 0.0484375 0.06458333333333334
0 0.8556818181818182 0.909375 0.0390625 0.03958333333333333
0 0.790625 0.8541666666666666 0.04375 0.05416666666666667
0 0.753125 0.9770833333333333 0.034375 0.04583333333333333
0 0.6521634615384615 0.487900641025641 0.038701923076923085 0.05625
0 0.9791666666666667 0.9166666666666666 0.04166666666666661 0.05486111111111119
0 0.93984375 0.109375 0.04375 0.058333333333333334
0 0.9421345866533866 0.035416666666666666 0.03426917330677295 0.04583333333333333
