0 0.7619967407975461 0.1983096881390593 0.0359375 0.04583333333333333
0 0.2958622685185185 0.572337962962963 0.046875 0.06458333333333334
0 0.8358072916666668 0.7217399691358025 0.04539930555555553 0.05559413580246909
0 0.7130787037037037 0.7456404320987654 0.040625 0.06666666666666667
0 0.9404947916666666 0.8776041666666666 0.03515625 0.058333333333333334
0 0.7912775735294117 0.8567769607843138 0.04505514705882359 0.05938725490196077
0 0.7445888157894738 0.9643421052631579 0.03582236842105262 0.06714912280701751
0 0.9546875 0.8444444444444444 0.042447916666666786 0.05
0 0.7433948863636364 0.9472537878787879 0.0453125 0.05625
0 0.734375 0.9838541666666667 0.0375 0.03229166666666667
0 0.9452008928571429 0.02738095238095238 0.03727678571428576 0.04523809523809524
