0 0.7587758819018405 0.20582502556237217 0.0359375 0.04583333333333333
0 0.3711292613636364 0.29015151515151516 0.0453125 0.06875000000000003
0 0.71328125 0.6070549242424242 0.0484375 0.06458333333333334
0 0.8572798295454545 0.909375 0.0390625 0.03958333333333333
0 0.790625 0.8541666666666666 0.04375 0.05416666666666667
0 0.753125 0.9770833333333333 0.034375 0.04583333333333333
0 0.6559727822580645 0.5021841397849462 0.039667338709677404 0.056653225806451664
0 0.971875 0.9375 0.04375 0.05416666666666667
0 0.951953125 0.10677083333333333 0.03828125 0.057291666666666664
0 0.942218625498008 0.035416666666666666 0.03443725099601593 0.04583333333333333
