0 0.7612202837423313 0.20012142126789367 0.0359375 0.04583333333333333
0 0.3328125 0.5028273809523809 0.046875 0.06458333333333327
0 0.9208705357142858 0.7497023809523811 0.043080357142857115 0.055357142857142945
0 0.7077008928571429 0.7066964285714286 0.0515625 0.06875
0 0.9237723214285716 0.9017857142857143 0.03995535714285712 0.04523809523809526
0 0.7910914522058824 0.856032475490196 0.04468290441176474 0.05789828431372553
0 0.750390625 0.9596354166666666 0.0359375 0.06458333333333334
0 0.9794642857142858 0.7959821428571429 0.034375 0.05982142857142859
0 0.8472098214285715 0.8828869047619048 0.039508928571428646 0.06041666666666667
0 0.7328125 0.8672619047619048 0.032589285714285765 0.058333333333333334
0 0.94375 0.029729166666666664 0.0375 0.04583333333333333
