0 0.75859375 0.20625 0.0359375 0.04583333333333333
0 0.36796875 0.271875 0.0453125 0.06875
0 0.7128239329268292 0.5980436991869919 0.0484375 0.06458333333333334
0 0.8548076923076924 0.9108173076923076 0.0390625 0.03958333333333333
0 0.790625 0.8541666666666666 0.04375 0.05416666666666667
0 0.753125 0.9770833333333333 0.034375 0.04583333333333333
0 0.65 0.4649305555555555 0.0375 0.05625
0 0.9853794642857142 0.8852678571428572 0.029241071428571352 0.05922619047619051
0 0.9207386363636363 0.11212121212121211 0.04375 0.05833333333333332
0 0.9420131972111554 0.035416666666666666 0.0340263944223107 0.04583333333333333
