0 0.7589675996932514 0.20537768404907977 0.0359375 0.04583333333333333
0 0.37610085227272727 0.30719696969696975 0.0453125 0.06875
0 0.71328125 0.6155776515151515 0.0484375 0.06458333333333334
0 0.8608309659090908 0.909375 0.0390625 0.03958333333333333
0 0.790625 0.8541666666666666 0.04375 0.05416666666666667
0 0.753125 0.9770833333333333 0.034375 0.04583333333333333
0 0.6680695564516129 0.5337701612903225 0.04168346774193541 0.057997311827957
0 0.9632211538461538 0.9751602564102565 0.044951923076922994 0.041025641025641
0 0.973828125 0.12994791666666666 0.0375 0.06458333333333334
0 0.9424053784860558 0.035416666666666666 0.034810756972111535 0.04583333333333333
