0 0.75859375 0.20625 0.0359375 0.04583333333333333
0 0.3690104166666667 0.27048611111111115 0.0453125 0.06875000000000003
0 0.7125190548780488 0.5974339430894309 0.0484375 0.06458333333333334
0 0.8554086538461538 0.9117788461538461 0.0390625 0.03958333333333333
0 0.790625 0.8541666666666666 0.04375 0.05416666666666667
0 0.753125 0.9770833333333333 0.034375 0.04583333333333333
0 0.6489583333333333 0.460300925925926 0.0375 0.05625
0 0.9873883928571429 0.8808035714285716 0.025223214285714234 0.061011904761904746
0 0.9173295454545455 0.11098484848484848 0.04375 0.05833333333333332
0 0.9419945219123506 0.035416666666666666 0.03398904382470125 0.04583333333333333
