0 0.7610285659509202 0.2005687627811861 0.0359375 0.04583333333333333
0 0.340625 0.4864583333333333 0.046875 0.06458333333333334
0 0.94765625 0.74375 0.0453125 0.058333333333333334
0 0.71328125 0.6947916666666667 0.0515625 0.06875
0 0.91875 0.8958333333333334 0.05 0.03333333333333333
0 0.7910454963235294 0.8558486519607843 0.04459099264705877 0.05753063725490198
0 0.75234375 0.9635416666666666 0.0359375 0.06458333333333334
0 0.98671875 0.7833333333333333 0.0265625 0.058333333333333334
0 0.88125 0.853125 0.040625 0.06041666666666667
0 0.72109375 0.8270833333333333 0.0359375 0.058333333333333334
0 0.94375 0.03097916666666667 0.0375 0.04583333333333333
