0 0.7588333972392638 0.20569082310838444 0.0359375 0.04583333333333333
0 0.37262073863636364 0.2952651515151515 0.0453125 0.06874999999999996
0 0.71328125 0.6096117424242424 0.0484375 0.06458333333333334
0 0.8583451704545455 0.909375 0.0390625 0.03958333333333333
0 0.790625 0.8541666666666666 0.04375 0.05416666666666667
0 0.753125 0.9770833333333333 0.034375 0.04583333333333333
0 0.659601814516129 0.5116599462365592 0.04027217741935489 0.057056451612903264
0 0.9728125000000001 0.95 0.04375 0.04916666666666671
0 0.9609375 0.11437499999999999 0.033749999999999857 0.05791666666666666
0 0.9422746513944222 0.035416666666666666 0.034549302788844646 0.04583333333333333
