0 0.75859375 0.20625 0.0359375 0.04583333333333333
0 0.370751953125 0.2604166666666667 0.0453125 0.06875
0 0.7108422256097561 0.5940802845528456 0.0484375 0.06458333333333334
0 0.8587139423076924 0.9170673076923077 0.0390625 0.03958333333333333
0 0.790625 0.8541666666666666 0.04375 0.05416666666666667
0 0.753125 0.9770833333333333 0.034375 0.04583333333333333
0 0.6391544117647059 0.44160539215686273 0.0413602941176471 0.05968137254901957
0 0.99140625 0.8546401515151516 0.0171875 0.06458333333333334
0 0.9028409090909092 0.09905303030303031 0.04375 0.058333333333333334
0 0.9418918077689243 0.035416666666666666 0.03378361553784863 0.04583333333333333
