0 0.7605972009202454 0.20157528118609408 0.0359375 0.04583333333333333
0 0.35031249999999997 0.4549583333333333 0.046875 0.06458333333333334
0 0.982919034090909 0.7562026515151515 0.02691761363636349 0.037405303030303
0 0.70234375 0.6797916666666667 0.0515625 0.06875
0 0.9065217391304348 0.9223278985507246 0.03471467391304337 0.04148550724637682
0 0.7909420955882352 0.8554350490196079 0.04438419117647054 0.05670343137254896
0 0.7573807565789473 0.9770833333333333 0.034375 0.04583333333333333
0 0.9905625 0.7583333333333333 0.01737500000000001 0.058333333333333334
0 0.9515625 0.8325 0.040625 0.04666666666666674
0 0.71921875 0.7688333333333334 0.0359375 0.058333333333333334
0 0.94375 0.033791666666666664 0.0375 0.04583333333333333
