0 0.7589388420245399 0.2054447852760736 0.0359375 0.04583333333333333
0 0.37535511363636365 0.3046401515151515 0.0453125 0.06875
0 0.71328125 0.6142992424242425 0.0484375 0.06458333333333334
0 0.8602982954545455 0.909375 0.0390625 0.03958333333333333
0 0.790625 0.8541666666666666 0.04375 0.05416666666666667
0 0.753125 0.9770833333333333 0.034375 0.04583333333333333
0 0.6662550403225806 0.5290322580645161 0.041381048387096706 0.0577956989247312
0 0.9662860576923077 0.9701121794871795 0.04459134615384617 0.04246794871794878
0 0.9720703125 0.12799479166666666 0.0375 0.06458333333333334
0 0.9423773655378487 0.035416666666666666 0.034754731075697265 0.04583333333333333
