0 0.761632476993865 0.19915963701431494 0.0359375 0.04583333333333333
0 0.3137784090909091 0.553125 0.046875 0.06458333333333334
0 0.8708096590909091 0.7397727272727272 0.0421875 0.05416666666666667
0 0.7114346590909091 0.7269886363636364 0.04161931818181817 0.06685606060606056
0 0.9388020833333334 0.8875 0.0359375 0.05
0 0.7911902573529412 0.8564276960784315 0.04488051470588239 0.05868872549019611
0 0.74619140625 0.9512369791666667 0.0359375 0.06458333333333334
0 0.9500868055555556 0.8166666666666667 0.03732638888888893 0.05972222222222214
0 0.7901278409090908 0.9310606060606061 0.04843749999999991 0.06666666666666667
0 0.7268663194444445 0.9197916666666667 0.03125 0.058333333333333334
0 0.944593253968254 0.028042328042328046 0.0375 0.04583333333333333
