0 0.75859375 0.20625 0.0359375 0.04583333333333333
0 0.37109375 0.2677083333333333 0.0453125 0.06875
0 0.7119092987804878 0.5962144308943089 0.0484375 0.06458333333333334
0 0.856610576923077 0.9137019230769231 0.0390625 0.03958333333333333
0 0.790625 0.8541666666666666 0.04375 0.05416666666666667
0 0.753125 0.9770833333333333 0.034375 0.04583333333333333
0 0.646875 0.4510416666666667 0.0375 0.05625
0 0.99140625 0.871875 0.0171875 0.06458333333333334
0 0.9117897727272727 0.10700757575757575 0.04375 0.05833333333333332
0 0.9419571713147409 0.035416666666666666 0.03391434262948199 0.04583333333333333
