0 0.7589292561349693 0.20546715235173826 0.0359375 0.04583333333333333
0 0.3751065340909091 0.3037878787878788 0.0453125 0.06875
0 0.71328125 0.6138731060606061 0.0484375 0.06458333333333334
0 0.8601207386363636 0.909375 0.0390625 0.03958333333333333
0 0.790625 0.8541666666666666 0.04375 0.05416666666666667
0 0.753125 0.9770833333333333 0.034375 0.04583333333333333
0 0.6656502016129032 0.5274529569892473 0.041280241935483894 0.057728494623655875
0 0.9673076923076923 0.9684294871794871 0.044471153846153834 0.042948717948717886
0 0.971484375 0.12734375 0.0375 0.06458333333333334
0 0.9423680278884461 0.035416666666666666 0.03473605577689245 0.04583333333333333
