0 0.7586512653374233 0.20611579754601228 0.0359375 0.04583333333333333
0 0.3678977272727273 0.27907196969696973 0.0453125 0.06875000000000003
0 0.71328125 0.6015151515151516 0.0484375 0.06458333333333334
0 0.8549715909090908 0.909375 0.0390625 0.03958333333333333
0 0.790625 0.8541666666666666 0.04375 0.05416666666666667
0 0.753125 0.9770833333333333 0.034375 0.04583333333333333
0 0.6519230769230769 0.4814903846153846 0.038221153846153835 0.05625
0 0.9833333333333332 0.9083333333333333 0.033333333333333395 0.05763888888888881
0 0.9354687500000001 0.11520833333333333 0.04375 0.058333333333333334
0 0.9420972360557769 0.035416666666666666 0.03419447211155387 0.04583333333333333
