0 0.7624952070552148 0.19714660020449898 0.0359375 0.04583333333333333
0 0.2713741987179487 0.6204059829059829 0.04266826923076925 0.04401709401709404
0 0.7852564102564102 0.7135416666666666 0.046875 0.05625
0 0.7098557692307692 0.7719284188034188 0.0322115384615385 0.04983974358974367
0 0.944491185897436 0.810042735042735 0.04106570512820511 0.05021367521367518
0 0.7913970588235294 0.8572549019607844 0.04529411764705884 0.06034313725490191
0 0.7411677631578948 0.9632017543859649 0.042664473684210516 0.06942982456140356
0 0.9280448717948719 0.8685363247863248 0.05248397435897427 0.06495726495726496
0 0.6877604166666667 0.9833333333333333 0.0359375 0.03333333333333333
0 0.9445560515873016 0.029100529100529102 0.035987103174603165 0.0417989417989418
