0 0.7624568634969325 0.19723606850715747 0.0359375 0.04583333333333333
0 0.2732171474358974 0.6158119658119658 0.04314903846153846 0.04636752136752141
0 0.7892628205128205 0.7135416666666666 0.04687499999999991 0.05625
0 0.7103365384615385 0.7698985042735043 0.033173076923076916 0.05176282051282044
0 0.9460136217948719 0.8159188034188034 0.0399439102564104 0.050427350427350366
0 0.7913878676470588 0.857218137254902 0.04527573529411768 0.06026960784313727
0 0.7414309210526315 0.9632894736842105 0.04213815789473685 0.06925438596491228
0 0.9310897435897434 0.8683226495726496 0.05184294871794872 0.06324786324786315
0 0.69140625 0.9809895833333333 0.0359375 0.03802083333333333
0 0.9446056547619047 0.02896825396825397 0.03608630952380949 0.04206349206349206
