0 0.75859375 0.20625 0.0359375 0.04583333333333333
0 0.369677734375 0.2375 0.0453125 0.06875
0 0.7074885670731708 0.5873729674796748 0.0484375 0.06458333333333334
0 0.8529687499999999 0.9152083333333334 0.0390625 0.03958333333333333
0 0.790625 0.8541666666666666 0.04375 0.05416666666666667
0 0.753125 0.9770833333333333 0.034375 0.04583333333333333
0 0.6224999999999999 0.40562499999999996 0.04312499999999995 0.0629166666666667
0 0.99375 0.8114583333333333 0.0125 0.06458333333333334
0 0.8661931818181818 0.07803030303030303 0.04375 0.058333333333333334
0 0.9416863794820717 0.035416666666666666 0.0333727589641434 0.04583333333333333
