0 0.7617475076687117 0.19889123210633947 0.0359375 0.04583333333333333
0 0.30865162037037036 0.560300925925926 0.046875 0.06458333333333334
0 0.8595052083333334 0.7342785493827161 0.04314236111111107 0.054591049382716035
0 0.711574074074074 0.7326003086419753 0.040625 0.06666666666666667
0 0.9323863636363636 0.8818181818181817 0.038920454545454494 0.05530303030303033
0 0.791217830882353 0.8565379901960785 0.04493566176470587 0.058909313725490145
0 0.74609375 0.9572916666666667 0.0359375 0.052083333333333336
0 0.9506076388888889 0.8229166666666666 0.03628472222222214 0.055555555555555476
0 0.77109375 0.9333333333333333 0.0484375 0.06666666666666667
0 0.728125 0.9395833333333333 0.03125 0.041666666666666664
0 0.9448908730158729 0.027645502645502643 0.0375 0.04583333333333333
