0 0.7586704371165645 0.206071063394683 0.0359375 0.04583333333333333
0 0.3683948863636364 0.2807765151515152 0.0453125 0.06875000000000003
0 0.71328125 0.6023674242424242 0.0484375 0.06458333333333334
0 0.8553267045454545 0.909375 0.0390625 0.03958333333333333
0 0.790625 0.8541666666666666 0.04375 0.05416666666666667
0 0.753125 0.9770833333333333 0.034375 0.04583333333333333
0 0.6520432692307693 0.4846955128205128 0.038461538461538505 0.05625
0 0.98125 0.9125 0.0375 0.05625
0 0.9376562500000001 0.11229166666666668 0.04375 0.05833333333333335
0 0.9421159113545816 0.035416666666666666 0.03423182270916332 0.04583333333333333
