0 0.7588429831288344 0.20566845603271983 0.0359375 0.04583333333333333
0 0.3728693181818182 0.2961174242424242 0.0453125 0.06874999999999996
0 0.71328125 0.6100378787878787 0.0484375 0.06458333333333334
0 0.8585227272727274 0.909375 0.0390625 0.03958333333333333
0 0.790625 0.8541666666666666 0.04375 0.05416666666666667
0 0.753125 0.9770833333333333 0.034375 0.04583333333333333
0 0.6602066532258064 0.513239247311828 0.0403729838709677 0.05712365591397847
0 0.97296875 0.9520833333333333 0.04375 0.04833333333333343
0 0.962109375 0.11583333333333333 0.034218750000000145 0.058750000000000004
0 0.9422839890438247 0.035416666666666666 0.03456797808764946 0.04583333333333333
