0 0.7587375383435583 0.20591449386503066 0.0359375 0.04583333333333333
0 0.37013494318181817 0.28674242424242424 0.0453125 0.06874999999999996
0 0.71328125 0.6053503787878788 0.0484375 0.06458333333333334
0 0.8565696022727274 0.909375 0.0390625 0.03958333333333333
0 0.790625 0.8541666666666666 0.04375 0.05416666666666667
0 0.753125 0.9770833333333333 0.034375 0.04583333333333333
0 0.6535534274193548 0.495866935483871 0.039264112903225803 0.056384408602150535
0 0.975 0.928125 0.04375 0.05416666666666667
0 0.9453125 0.10208333333333333 0.04375 0.058333333333333334
0 0.9421812749003984 0.035416666666666666 0.03436254980079685 0.04583333333333333
