0 0.75859375 0.20625 0.0359375 0.04583333333333333
0 0.370068359375 0.24583333333333332 0.0453125 0.06875
0 0.7087080792682927 0.5898119918699187 0.0484375 0.06458333333333334
0 0.8588020833333333 0.9196527777777778 0.0390625 0.03958333333333333
0 0.790625 0.8541666666666666 0.04375 0.05416666666666667
0 0.753125 0.9770833333333333 0.034375 0.04583333333333333
0 0.62625 0.420625 0.045624999999999985 0.06402777777777781
0 0.99375 0.8194940476190475 0.0125 0.06458333333333334
0 0.8790625000000001 0.09041666666666666 0.04375 0.058333333333333334
0 0.9417610806772909 0.035416666666666666 0.03352216135458175 0.04583333333333333
