0 0.7588142254601227 0.2057355572597137 0.0359375 0.04583333333333333
0 0.37212357954545455 0.2935606060606061 0.0453125 0.06875
0 0.71328125 0.6087594696969697 0.0484375 0.06458333333333334
0 0.8579900568181819 0.909375 0.0390625 0.03958333333333333
0 0.790625 0.8541666666666666 0.04375 0.05416666666666667
0 0.753125 0.9770833333333333 0.034375 0.04583333333333333
0 0.6583921370967742 0.5085013440860214 0.040070564516129004 0.05692204301075273
0 0.9724999999999999 0.9458333333333333 0.04375 0.050833333333333286
0 0.95859375 0.11145833333333334 0.0328125 0.05625
0 0.9422559760956176 0.035416666666666666 0.03451195219123502 0.04583333333333333
