0 0.75859375 0.20625 0.0359375 0.04583333333333333
0 0.36848958333333337 0.27118055555555554 0.0453125 0.06874999999999996
0 0.712671493902439 0.5977388211382114 0.0484375 0.06458333333333334
0 0.855108173076923 0.9112980769230768 0.0390625 0.03958333333333333
0 0.790625 0.8541666666666666 0.04375 0.05416666666666667
0 0.753125 0.9770833333333333 0.034375 0.04583333333333333
0 0.6494791666666667 0.4626157407407407 0.0375 0.05625
0 0.9863839285714284 0.8830357142857144 0.027232142857142882 0.060119047619047565
0 0.9190340909090908 0.1115530303030303 0.04375 0.058333333333333334
0 0.942003859561753 0.035416666666666666 0.034007719123506065 0.04583333333333333
