0 0.75859375 0.20625 0.0359375 0.04583333333333333
0 0.370703125 0.259375 0.0453125 0.06875
0 0.7106897865853659 0.593775406504065 0.0484375 0.06458333333333334
0 0.859014423076923 0.9175480769230769 0.0390625 0.03958333333333333
0 0.790625 0.8541666666666666 0.04375 0.05416666666666667
0 0.753125 0.9770833333333333 0.034375 0.04583333333333333
0 0.6380514705882353 0.44025735294117646 0.041911764705882336 0.06017156862745097
0 0.99140625 0.8521780303030303 0.0171875 0.06458333333333334
0 0.9015625 0.09791666666666667 0.04375 0.058333333333333334
0 0.941882470119522 0.035416666666666666 0.03376494023904382 0.04583333333333333
