0 0.762274731595092 0.19766104294478526 0.0359375 0.04583333333333333
0 0.28197115384615384 0.5939903846153847 0.04543269230769229 0.057532051282051216
0 0.8082932692307692 0.7135416666666666 0.04687499999999991 0.05625
0 0.7126201923076924 0.7602564102564102 0.03774038461538458 0.06089743589743589
0 0.9532451923076923 0.8438301282051283 0.03461538461538467 0.05144230769230766
0 0.7913442095588235 0.8570435049019608 0.045188419117647 0.05992034313725488
0 0.7426809210526316 0.9637061403508772 0.03963815789473681 0.068421052631579
0 0.9455528846153847 0.8673076923076923 0.048798076923076826 0.05512820512820511
0 0.7107142857142857 0.9766369047619048 0.05446428571428567 0.04672619047619051
0 0.9448412698412699 0.02833994708994709 0.03655753968253972 0.04332010582010582
