0 0.7624664493865031 0.19721370143149286 0.0359375 0.04583333333333333
0 0.2727564102564103 0.6169604700854701 0.04302884615384617 0.045779914529914596
0 0.7882612179487178 0.7135416666666666 0.04687499999999991 0.05625
0 0.7102163461538462 0.770405982905983 0.032932692307692336 0.05128205128205122
0 0.9456330128205128 0.8144497863247864 0.04022435897435894 0.05037393162393163
0 0.7913901654411765 0.8572273284313726 0.04528033088235297 0.06028799019607843
0 0.7413651315789475 0.9632675438596491 0.04226973684210522 0.06929824561403504
0 0.9303285256410255 0.8683760683760684 0.05200320512820529 0.06367521367521363
0 0.69140625 0.9821614583333333 0.0359375 0.03567708333333333
0 0.944593253968254 0.029001322751322754 0.036061507936507906 0.0419973544973545
