0 0.7586033358895705 0.20622763292433538 0.0359375 0.04583333333333333
0 0.36665482954545453 0.27481060606060603 0.0453125 0.06875
0 0.71328125 0.5993844696969697 0.0484375 0.06458333333333334
0 0.8540838068181819 0.909375 0.0390625 0.03958333333333333
0 0.790625 0.8541666666666666 0.04375 0.05416666666666667
0 0.753125 0.9770833333333333 0.034375 0.04583333333333333
0 0.6516225961538462 0.4734775641025641 0.037620192307692334 0.05625
0 0.984375 0.8955357142857142 0.03125 0.058333333333333334
0 0.9275568181818181 0.1143939393939394 0.04375 0.058333333333333334
0 0.942050547808765 0.035416666666666666 0.03410109561752996 0.04583333333333333
