0 0.7616420628834356 0.19913726993865033 0.0359375 0.04583333333333333
0 0.3140625 0.5552083333333333 0.046875 0.06458333333333334
0 0.86953125 0.7395833333333334 0.0421875 0.05416666666666667
0 0.7109375 0.7270833333333333 0.040625 0.06666666666666667
0 0.9390104166666667 0.8858333333333334 0.0359375 0.05
0 0.7911925551470589 0.8564368872549021 0.04488511029411768 0.05870710784313727
0 0.74609375 0.9510416666666667 0.0359375 0.06458333333333334
0 0.9501302083333332 0.8171875 0.037239583333333395 0.059375
0 0.78828125 0.93125 0.0484375 0.06666666666666667
0 0.7265625 0.9208333333333333 0.03125 0.058333333333333334
0 0.9446180555555556 0.028009259259259255 0.0375 0.04583333333333333
