0 0.75859375 0.20625 0.0359375 0.04583333333333333
0 0.370458984375 0.25416666666666665 0.0453125 0.06875
0 0.7099275914634147 0.5922510162601625 0.0484375 0.06458333333333334
0 0.860516826923077 0.9199519230769231 0.0390625 0.03958333333333333
0 0.790625 0.8541666666666666 0.04375 0.05416666666666667
0 0.753125 0.9770833333333333 0.034375 0.04583333333333333
0 0.6325367647058824 0.4335171568627451 0.04466911764705887 0.06262254901960786
0 0.9921875 0.8399305555555556 0.015625 0.06458333333333334
0 0.8928819444444445 0.09791666666666667 0.04375 0.058333333333333334
0 0.9418357818725098 0.035416666666666666 0.033671563745019915 0.04583333333333333
