0 0.7604917561349693 0.20182131901840492 0.0359375 0.04583333333333333
0 0.35098684210526315 0.4435855263157895 0.046875 0.06458333333333334
0 0.7052220394736842 0.6727521929824561 0.0515625 0.06875
0 0.8970170454545455 0.9229166666666667 0.034375 0.041666666666666664
0 0.7909168198529412 0.8553339460784314 0.044333639705882354 0.05650122549019609
0 0.7570415296052632 0.9770833333333333 0.034375 0.04583333333333333
0 0.9935546875 0.7583333333333333 0.012890625 0.058333333333333334
0 0.9655427631578947 0.8429824561403509 0.040625 0.04912280701754383
0 0.7156661184210527 0.7586622807017543 0.0359375 0.058333333333333334
0 0.94375 0.034479166666666665 0.0375 0.04583333333333333
