0 0.7614311733128835 0.199629345603272 0.0359375 0.04583333333333333
0 0.3191875 0.5222083333333334 0.046875 0.0645833333333334
0 0.89528125 0.74625 0.0421875 0.05416666666666667
0 0.71159375 0.7196250000000001 0.0515625 0.06875
0 0.9319062499999999 0.9041666666666667 0.0359375 0.05
0 0.7911420036764706 0.856234681372549 0.04478400735294112 0.0583026960784314
0 0.7482421875 0.9553385416666667 0.0359375 0.06458333333333334
0 0.9652935606060605 0.8072285353535354 0.0375 0.06041666666666667
0 0.8245535714285716 0.9237103174603175 0.04434523809523814 0.0644841269841269
0 0.7332465277777778 0.8979166666666667 0.03125 0.058333333333333334
0 0.9440724206349206 0.028736772486772488 0.0375 0.04583333333333333
