0 0.7623705904907976 0.19743737218813903 0.0359375 0.04583333333333333
0 0.27736378205128204 0.6054754273504274 0.044230769230769205 0.051655982905982965
0 0.7982772435897436 0.7135416666666666 0.046875 0.05625
0 0.7114182692307692 0.7653311965811966 0.0353365384615385 0.05608974358974355
0 0.9494391025641026 0.8291399572649572 0.0374198717948719 0.05090811965811959
0 0.7913671875 0.8571354166666667 0.04523437500000007 0.060104166666666715
0 0.7420230263157894 0.9634868421052633 0.04095394736842106 0.06885964912280697
0 0.9379407051282052 0.8678418803418803 0.050400641025641055 0.05940170940170937
0 0.6946875 0.9739583333333334 0.04249999999999998 0.052083333333333336
0 0.9447172619047619 0.028670634920634923 0.03630952380952372 0.04265873015873015
