0 0.7615366180981595 0.19938330777096117 0.0359375 0.04583333333333333
0 0.3109375 0.5322916666666667 0.046875 0.06458333333333334
0 0.88359375 0.7416666666666667 0.0421875 0.05416666666666667
0 0.71640625 0.7260416666666667 0.0515625 0.06875
0 0.93671875 0.9041666666666667 0.0359375 0.05
0 0.7911672794117648 0.8563357843137254 0.04483455882352949 0.05850490196078428
0 0.74716796875 0.9531901041666667 0.0359375 0.06458333333333334
0 0.9564393939393939 0.8120896464646464 0.0375 0.06041666666666667
0 0.80859375 0.9291666666666667 0.0484375 0.06666666666666667
0 0.7299045138888889 0.909375 0.03125 0.058333333333333334
0 0.9443452380952382 0.028373015873015876 0.0375 0.04583333333333333
