0 0.7609039493865031 0.20085953476482618 0.0359375 0.04583333333333333
0 0.34231770833333336 0.4864583333333333 0.046875 0.06458333333333334
0 0.95908203125 0.7499565972222222 0.03938802083333322 0.04592013888888893
0 0.7073567708333333 0.69140625 0.0515625 0.06875
0 0.9152173913043479 0.9034873188405796 0.045584239130434766 0.03568840579710143
0 0.791015625 0.8557291666666667 0.04453125 0.057291666666666664
0 0.7546370967741935 0.9692204301075269 0.035282258064516105 0.05672043010752681
0 0.9841796875 0.7697916666666667 0.0265625 0.058333333333333334
0 0.9045496323529412 0.8678308823529411 0.03704044117647065 0.04375
0 0.7236328125 0.8135416666666667 0.0359375 0.058333333333333334
0 0.94375 0.03179166666666666 0.0375 0.04583333333333333
