0 0.7616612346625767 0.19909253578732106 0.0359375 0.04583333333333333
0 0.3130787037037037 0.5561342592592593 0.046875 0.06458333333333334
0 0.8677083333333334 0.7386188271604939 0.04236111111111107 0.05424382716049377
0 0.7110532407407407 0.7280864197530864 0.040625 0.06666666666666667
0 0.9394270833333334 0.8825000000000001 0.0359375 0.05
0 0.7911971507352942 0.8564552696078432 0.04489430147058826 0.05874387254901959
0 0.74609375 0.9521780303030302 0.0359375 0.062310606060606115
0 0.9502170138888889 0.8182291666666667 0.037065972222222146 0.05868055555555548
0 0.78515625 0.9316287878787879 0.0484375 0.06666666666666667
0 0.7270833333333333 0.9263888888888889 0.03125 0.058333333333333334
0 0.9446676587301587 0.02794312169312169 0.0375 0.04583333333333333
