0 0.7624856211656442 0.1971689672801636 0.0359375 0.04583333333333333
0 0.27183493589743585 0.6192574786324786 0.04278846153846154 0.04460470085470085
0 0.7862580128205128 0.7135416666666666 0.04687499999999991 0.05625
0 0.7099759615384615 0.7714209401709401 0.03245192307692309 0.050320512820512774
0 0.9448717948717948 0.8115117521367521 0.04078525641025639 0.05026709401709404
0 0.7913947610294118 0.8572457107843138 0.04528952205882355 0.06032475490196075
0 0.741233552631579 0.9632236842105263 0.042532894736842145 0.06938596491228069
0 0.9288060897435898 0.868482905982906 0.05232371794871789 0.06452991452991459
0 0.6895833333333333 0.9833333333333333 0.0359375 0.03333333333333333
0 0.9445684523809523 0.02906746031746032 0.036011904761904745 0.04186507936507936
