0 0.7587854677914111 0.20580265848670756 0.0359375 0.04583333333333333
0 0.37137784090909093 0.2910037878787879 0.0453125 0.06875
0 0.71328125 0.6074810606060606 0.0484375 0.06458333333333334
0 0.8574573863636363 0.909375 0.0390625 0.03958333333333333
0 0.790625 0.8541666666666666 0.04375 0.05416666666666667
0 0.753125 0.9770833333333333 0.034375 0.04583333333333333
0 0.656577620967742 0.5037634408602151 0.039768145161290305 0.05672043010752693
0 0.97203125 0.9395833333333333 0.04375 0.05333333333333338
0 0.95361328125 0.10794270833333333 0.0369140625 0.05703125
0 0.9422279631474104 0.035416666666666666 0.03445592629482075 0.04583333333333333
