0 0.75859375 0.20625 0.0359375 0.04583333333333333
0 0.370263671875 0.25 0.0453125 0.06875
0 0.7093178353658536 0.5910315040650407 0.0484375 0.06458333333333334
0 0.86171875 0.921875 0.0390625 0.03958333333333333
0 0.790625 0.8541666666666666 0.04375 0.05416666666666667
0 0.753125 0.9770833333333333 0.034375 0.04583333333333333
0 0.628125 0.428125 0.046875 0.06458333333333334
0 0.99375 0.8302083333333333 0.0125 0.06458333333333334
0 0.8859375 0.09791666666666667 0.04375 0.058333333333333334
0 0.9417984312749004 0.035416666666666666 0.033596862549800835 0.04583333333333333
