0 0.7587950536809817 0.20578029141104295 0.0359375 0.04583333333333333
0 0.37162642045454547 0.2918560606060606 0.0453125 0.06875
0 0.71328125 0.607907196969697 0.0484375 0.06458333333333334
0 0.8576349431818182 0.909375 0.0390625 0.03958333333333333
0 0.790625 0.8541666666666666 0.04375 0.05416666666666667
0 0.753125 0.9770833333333333 0.034375 0.04583333333333333
0 0.6571824596774194 0.5053427419354839 0.03986895161290329 0.056787634408602135
0 0.9721875000000001 0.9416666666666667 0.04375 0.052500000000000095
0 0.9552734375 0.10911458333333333 0.035546875 0.05677083333333333
0 0.9422373007968128 0.035416666666666666 0.034474601593625566 0.04583333333333333
