0 0.760625958588957 0.2015081799591002 0.0359375 0.04583333333333333
0 0.349375 0.4594583333333333 0.046875 0.06458333333333334
0 0.9808948863636363 0.756060606060606 0.0279829545454545 0.03712121212121211
0 0.70234375 0.6810416666666667 0.0515625 0.06875
0 0.9073369565217391 0.9205615942028985 0.03573369565217401 0.040942028985507285
0 0.7909489889705882 0.8554626225490196 0.04439797794117641 0.05675857843137256
0 0.7574732730263157 0.9770833333333333 0.034375 0.04583333333333333
0 0.9893437500000001 0.7583333333333333 0.018687499999999878 0.058333333333333334
0 0.946875 0.8362499999999999 0.040625 0.049166666666666595
0 0.7201562499999999 0.7735833333333333 0.0359375 0.058333333333333334
0 0.94375 0.033604166666666664 0.0375 0.04583333333333333
