0 0.761805023006135 0.19875702965235173 0.0359375 0.04583333333333333
0 0.3057002314814815 0.5630787037037037 0.046875 0.06458333333333334
0 0.8540364583333332 0.7313850308641975 0.04366319444444446 0.054822530864197576
0 0.7119212962962963 0.7356095679012346 0.040625 0.06666666666666667
0 0.9291666666666666 0.8830555555555556 0.040625 0.058333333333333334
0 0.7912316176470588 0.8565931372549019 0.04496323529411761 0.05901960784313722
0 0.7457812500000001 0.9602083333333333 0.03531250000000004 0.05791666666666669
0 0.9513020833333332 0.8269444444444445 0.03656249999999996 0.053611111111111144
0 0.7635937500000001 0.93125 0.04718749999999998 0.0625
0 0.7318749999999999 0.9533333333333334 0.03500000000000005 0.041666666666666664
0 0.9450396825396826 0.027447089947089946 0.0375 0.04583333333333333
