0 0.7586129217791411 0.20620526584867077 0.0359375 0.04583333333333333
0 0.36690340909090907 0.27566287878787876 0.0453125 0.06875
0 0.71328125 0.5998106060606061 0.0484375 0.06458333333333334
0 0.8542613636363636 0.909375 0.0390625 0.03958333333333333
0 0.790625 0.8541666666666666 0.04375 0.05416666666666667
0 0.753125 0.9770833333333333 0.034375 0.04583333333333333
0 0.6516826923076924 0.47508012820512824 0.03774038461538458 0.05625
0 0.984375 0.8982142857142857 0.03125 0.058333333333333334
0 0.9292613636363637 0.11496212121212122 0.04375 0.05833333333333335
0 0.9420598854581673 0.035416666666666666 0.0341197709163346 0.04583333333333333
