0 0.75859375 0.20625 0.0359375 0.04583333333333333
0 0.36640625 0.27395833333333336 0.0453125 0.06875
0 0.71328125 0.5989583333333334 0.0484375 0.06458333333333334
0 0.85390625 0.909375 0.0390625 0.03958333333333333
0 0.790625 0.8541666666666666 0.04375 0.05416666666666667
0 0.753125 0.9770833333333333 0.034375 0.04583333333333333
0 0.6515625 0.471875 0.0375 0.05625
0 0.984375 0.8928571428571428 0.03125 0.058333333333333334
0 0.9258522727272727 0.11382575757575758 0.04375 0.05833333333333335
0 0.9420412101593627 0.035416666666666666 0.034082420318725146 0.04583333333333333
