0 0.75859375 0.20625 0.0359375 0.04583333333333333
0 0.369873046875 0.24166666666666667 0.0453125 0.06875
0 0.7080983231707317 0.5885924796747967 0.0484375 0.06458333333333334
0 0.8558854166666666 0.9174305555555555 0.0390625 0.03958333333333333
0 0.790625 0.8541666666666666 0.04375 0.05416666666666667
0 0.753125 0.9770833333333333 0.034375 0.04583333333333333
0 0.624375 0.413125 0.04437500000000005 0.06347222222222222
0 0.99375 0.8114583333333333 0.0125 0.06458333333333334
0 0.8721875000000001 0.08291666666666667 0.04375 0.05833333333333333
0 0.9417237300796814 0.035416666666666666 0.03344746015936249 0.04583333333333333
