0 0.7586320935582822 0.2061605316973415 0.0359375 0.04583333333333333
0 0.36740056818181815 0.2773674242424242 0.0453125 0.06874999999999996
0 0.71328125 0.6006628787878788 0.0484375 0.06458333333333334
0 0.8546164772727274 0.909375 0.0390625 0.03958333333333333
0 0.790625 0.8541666666666666 0.04375 0.05416666666666667
0 0.753125 0.9770833333333333 0.034375 0.04583333333333333
0 0.6518028846153847 0.4782852564102564 0.03798076923076925 0.05625
0 0.984375 0.9035714285714286 0.03125 0.058333333333333334
0 0.9326704545454545 0.11609848484848487 0.04375 0.05833333333333335
0 0.9420785607569722 0.035416666666666666 0.03415712151394423 0.04583333333333333
