0 0.7621597009202454 0.19792944785276076 0.0359375 0.04583333333333333
0 0.2875 0.5802083333333333 0.046875 0.06458333333333334
0 0.8203125 0.7135416666666666 0.046875 0.05625
0 0.7140625 0.7541666666666667 0.040625 0.06666666666666667
0 0.9578125 0.8614583333333333 0.03125 0.052083333333333336
0 0.7913166360294117 0.8569332107843137 0.04513327205882352 0.05969975490196073
0 0.7434703947368421 0.963969298245614 0.03805921052631582 0.06789473684210527
0 0.9546875 0.8666666666666667 0.046875 0.05
0 0.7157366071428571 0.9677083333333333 0.04933035714285712 0.061607142857142826
0 0.9449900793650794 0.027943121693121693 0.036855158730158696 0.04411375661375661
