0 0.758977185582822 0.20535531697341514 0.0359375 0.04583333333333333
0 0.3763494318181818 0.3080492424242424 0.0453125 0.06875
0 0.71328125 0.6160037878787878 0.0484375 0.06458333333333334
0 0.8610085227272727 0.909375 0.0390625 0.03958333333333333
0 0.790625 0.8541666666666666 0.04375 0.05416666666666667
0 0.753125 0.9770833333333333 0.034375 0.04583333333333333
0 0.6686743951612903 0.5353494623655913 0.041784274193548396 0.058064516129032205
0 0.9621995192307693 0.9768429487179486 0.04507211538461551 0.040544871794871894
0 0.9744140625 0.13059895833333332 0.0375 0.06458333333333334
0 0.9424147161354582 0.035416666666666666 0.03482943227091635 0.04583333333333333
