0 0.7612011119631902 0.20016615541922292 0.0359375 0.04583333333333333
0 0.33359375 0.5011904761904762 0.046875 0.06458333333333327
0 0.9235491071428571 0.7491071428571429 0.04330357142857153 0.05565476190476192
0 0.7082589285714286 0.7055059523809525 0.0515625 0.06875
0 0.9232700892857142 0.9011904761904762 0.04095982142857135 0.0440476190476191
0 0.7910868566176471 0.8560140931372549 0.04467371323529416 0.057861519607843095
0 0.7505859375 0.9600260416666667 0.0359375 0.06458333333333334
0 0.9801897321428571 0.7947172619047619 0.03359375 0.05967261904761898
0 0.8506138392857142 0.8799107142857142 0.03962053571428577 0.06041666666666667
0 0.731640625 0.8632440476190476 0.032924107142857116 0.058333333333333334
0 0.94375 0.029854166666666664 0.0375 0.04583333333333333
