0 0.7588238113496932 0.2057131901840491 0.0359375 0.04583333333333333
0 0.3723721590909091 0.29441287878787875 0.0453125 0.06875
0 0.71328125 0.6091856060606061 0.0484375 0.06458333333333334
0 0.8581676136363636 0.909375 0.0390625 0.03958333333333333
0 0.790625 0.8541666666666666 0.04375 0.05416666666666667
0 0.753125 0.9770833333333333 0.034375 0.04583333333333333
0 0.6589969758064516 0.5100806451612903 0.040171370967741996 0.05698924731182794
0 0.97265625 0.9479166666666666 0.04375 0.05
0 0.959765625 0.11291666666666668 0.03328124999999993 0.05708333333333335
0 0.9422653137450199 0.035416666666666666 0.034530627490039836 0.04583333333333333
