0 0.0125 0.528125 0.025 0.04375
0 0.5797991071428571 0.5385416666666667 0.034375 0.04583333333333333
0 0.5754755434782608 0.2729619565217391 0.040625 0.04791666666666667
0 0.9474158653846153 0.6181891025641025 0.0328125 0.04375
0 0.528125 0.48541666666666666 0.034375 0.04583333333333333
0 0.56171875 0.16770833333333332 0.034375 0.04375
0 0.6526688664596273 0.5619500517598344 0.0265625 0.05
0 0.39289772727272726 0.15577651515151517 0.051988636363636334 0.07215909090909092
0 0.22213541666666664 0.21053240740740742 0.0421875 0.052083333333333336
0 0.4020833333333333 0.7711805555555556 0.03749999999999996 0.04791666666666667
0 0.3172094628514056 0.8754769076305221 0.0359375 0.05
0 0.7698317307692307 0.7112179487179486 0.034375 0.05
0 0.30828125 0.4845833333333333 0.0359375 0.04583333333333333
0 0.9121874999999999 0.5720833333333334 0.034375 0.041666666666666664
0 0.0125 0.8333333333333334 0.025 0.05
0 0.541015625 0.8109375 0.0421875 0.05625
0 0.0859375 0.8760416666666667 0.034375 0.04375
0 0.7543526785714285 0.38735119047619043 0.0328125 0.04375
0 0.46281249999999996 0.9722916666666667 0.034375 0.04791666666666667
0 0.6484375 0.8822916666666667 0.0484375 0.058333333333333334
