0 0.22734375 0.36666666666666664 0.0328125 0.041666666666666664
0 0.02890625 0.5104166666666666 0.0296875 0.0375
0 0.4294642857142857 0.9038690476190475 0.034375 0.04583333333333333
0 0.5170516304347826 0.19216485507246378 0.040625 0.04791666666666667
0 0.9872532894736843 0.5811403508771931 0.021875 0.041666666666666664
0 0.07543402777777777 0.2951388888888889 0.0359375 0.04583333333333333
0 0.840625 0.29791666666666666 0.034375 0.05
0 0.6499611801242235 0.560746635610766 0.0265625 0.05
0 0.3363715277777778 0.3489583333333333 0.0421875 0.052083333333333336
0 0.32787314967105263 0.8867598684210526 0.0359375 0.05
0 0.8120535714285714 0.5160714285714286 0.03437499999999991 0.05
0 0.27859375000000003 0.6854166666666667 0.0359375 0.04583333333333333
0 0.8421875 0.43203125 0.0390625 0.04791666666666667
0 0.79140625 0.20833333333333334 0.0328125 0.041666666666666664
0 0.1125 0.25069444444444444 0.03125 0.039583333333333366
0 0.6067708333333333 0.9361111111111111 0.040625 0.04583333333333333
0 0.04446022727272727 0.6179924242424242 0.04375 0.05
0 0.38046875 0.9239583333333333 0.0453125 0.05416666666666667
0 0.8496651785714286 0.7977678571428571 0.0359375 0.04791666666666667
0 0.034635416666666675 0.8094907407407407 0.03281250000000001 0.04583333333333333
0 0.433125 0.024791666666666667 0.04437499999999996 0.04958333333333333
0 0.902170138888889 0.02662037037037037 0.046354166666666606 0.04398148148148149
