0 0.15546875 0.41458333333333336 0.0328125 0.041666666666666664
0 0.0453125 0.4864583333333333 0.025 0.0375
0 0.4950892857142857 0.7482142857142857 0.034375 0.04583333333333333
0 0.53369140625 0.14348958333333334 0.040625 0.04791666666666667
0 0.98359375 0.528125 0.0328125 0.04375
0 0.125 0.40069444444444446 0.034375 0.04583333333333333
0 0.665625 0.21041666666666667 0.034375 0.05
0 0.6503032802795031 0.5608986801242236 0.0265625 0.05
0 0.40546875 0.3411458333333333 0.0421875 0.052083333333333336
0 0.3276315789473684 0.8880482456140351 0.0359375 0.05
0 0.8 0.5291666666666667 0.034375 0.05
0 0.33171875 0.7008333333333333 0.03718749999999997 0.04583333333333333
0 0.4765625 0.9322916666666666 0.0375 0.04375
0 0.7959201388888889 0.4792824074074074 0.0390625 0.04791666666666667
0 0.71328125 0.35833333333333334 0.0328125 0.041666666666666664
0 0.2296875 0.421875 0.03125 0.03958333333333333
0 0.6291666666666667 0.9003472222222223 0.05 0.06041666666666667
0 0.106640625 0.6807291666666667 0.04375 0.05
0 0.5432291666666667 0.8770833333333333 0.0375 0.05
0 0.409375 0.8864583333333333 0.0453125 0.05416666666666667
0 0.78359375 0.8791666666666667 0.04375 0.05416666666666667
0 0.817578125 0.9098958333333333 0.03515625 0.040625
