0 0.25390625 0.3541666666666667 0.0328125 0.0375
0 0.0484375 0.4635416666666667 0.03125 0.03958333333333333
0 0.6045758928571429 0.13645833333333332 0.040625 0.04791666666666667
0 0.9145833333333332 0.6145833333333334 0.03229166666666661 0.04444444444444452
0 0.13984375 0.12083333333333333 0.0359375 0.04583333333333333
0 0.6493424883540373 0.5604716614906832 0.0265625 0.05
0 0.21671875 0.5064583333333333 0.042187499999999975 0.052083333333333336
0 0.32831003289473687 0.8844298245614035 0.0359375 0.05
0 0.8087500000000001 0.4545833333333333 0.034375 0.0558333333333333
0 0.32664930555555555 0.6655092592592593 0.0359375 0.04583333333333333
0 0.89609375 0.471875 0.0390625 0.04791666666666667
0 0.5881696428571429 0.9404761904761905 0.040625 0.04583333333333333
0 0.39921875 0.9270833333333334 0.0453125 0.05416666666666667
0 0.85578125 0.708125 0.0359375 0.04791666666666667
0 0.140625 0.6268518518518519 0.040625 0.05416666666666667
0 0.353125 0.013541666666666667 0.0625 0.027083333333333334
0 0.24375 0.9652083333333333 0.0375 0.04791666666666667
0 0.7666666666666667 0.8753472222222223 0.04375 0.06041666666666667
0 0.015188953488372094 0.6720627422480621 0.028688226744186047 0.06762354651162793
