0 0.34921875 0.44375 0.0328125 0.0375
0 0.0609375 0.49583333333333335 0.03125 0.03958333333333333
0 0.5712357954545454 0.16770833333333332 0.040625 0.04791666666666667
0 0.9921875 0.5489583333333333 0.015625 0.03958333333333333
0 0.6484625400641025 0.5584001068376068 0.0265625 0.05
0 0.14430803571428572 0.5078869047619048 0.0421875 0.052083333333333336
0 0.33506155303030305 0.8763257575757576 0.0359375 0.05
0 0.8296875 0.41875 0.0328125 0.041666666666666664
0 0.11380208333333333 0.673611111111111 0.03593749999999999 0.04583333333333333
0 0.64453125 0.978125 0.0515625 0.04375
0 0.37421875 0.9854166666666667 0.0359375 0.029166666666666667
0 0.6690104166666667 0.4076388888888889 0.0359375 0.04583333333333333
0 0.18125 0.60625 0.040625 0.05416666666666667
0 0.10178571428571428 0.7483630952380953 0.04062499999999999 0.05625
0 0.087109375 0.809375 0.046875 0.06458333333333334
0 0.88203125 0.95 0.034375 0.05416666666666667
0 0.65703125 0.19270833333333334 0.0390625 0.04791666666666667
0 0.06953125 0.9413194444444444 0.0359375 0.04791666666666667
0 0.0171875 0.8184027777777777 0.034375 0.05
0 0.026649305555555558 0.6587962962962962 0.04079861111111111 0.06296296296296297
