0 0.25703125 0.46041666666666664 0.0328125 0.0375
0 0.0453125 0.45729166666666665 0.03125 0.03958333333333333
0 0.5394230769230769 0.11963141025641025 0.040625 0.04791666666666667
0 0.9052083333333334 0.517361111111111 0.034375 0.045833333333333275
0 0.6489783653846154 0.559775641025641 0.0265625 0.05
0 0.20613839285714283 0.49360119047619044 0.042187499999999975 0.052083333333333336
0 0.32864412006578947 0.8826480263157895 0.0359375 0.05
0 0.8421875 0.42743055555555554 0.034375 0.05625
0 0.25859375 0.6375 0.0359375 0.04583333333333333
0 0.6296875 0.8625 0.040625 0.04583333333333333
0 0.45546875 0.9180555555555556 0.0375 0.058333333333333334
0 0.8415625 0.513125 0.0359375 0.04791666666666667
0 0.11015625 0.6205729166666667 0.040625 0.05416666666666667
0 0.16753472222222224 0.9752314814814814 0.03541666666666667 0.037962962962962976
0 0.8588541666666666 0.6961805555555556 0.04375 0.06041666666666667
0 0.8875 0.809375 0.040625 0.05625
0 0.21589673913043478 0.7379981884057971 0.04062499999999998 0.05625
0 0.15747767857142858 0.8699404761904762 0.0390625 0.05
0 0.964208984375 0.5557942708333333 0.03291015625 0.049609375
0 0.017550872093023258 0.6724563953488372 0.02986918604651163 0.06526162790697683
