cl1x8p06c00153f6b05wzxejg 0 0.75859375 0.20625 0.0359375 0.04583333333333333
cl1x8p7bu00193f6b9qrfgs1t 0 0.37021484375 0.24895833333333334 0.0453125 0.06875
cl1x8q3k9001i3f6bqul43214 0 0.7091653963414635 0.5907266260162601 0.0484375 0.06458333333333334
cl1x8q730001m3f6b3ehrw3ir 0 0.8609895833333333 0.9213194444444445 0.0390625 0.03958333333333333
cl1x8qbrj001r3f6bqrp39tej 0 0.790625 0.8541666666666666 0.04375 0.05416666666666667
cl1x8qhfm001w3f6bqonobao6 0 0.753125 0.9770833333333333 0.034375 0.04583333333333333
cl1x8zxp700293f6bs2hoa2iz 0 0.62765625 0.42624999999999996 0.04656250000000002 0.06444444444444446
cl1x9htyz002d3f6b4gnhli6c 0 0.99375 0.8275297619047619 0.0125 0.06458333333333334
cl1x9o3hb002i3f6bwfsaz760 0 0.8842187499999999 0.09604166666666666 0.04375 0.058333333333333334
cl1x9r870002n3f6bpj1mow54 0 0.9417890936254981 0.035416666666666666 0.03357818725099602 0.04583333333333333
