cl1x8p06c00153f6b05wzxejg 0 0.7616708205521473 0.19907016871165645 0.0359375 0.04583333333333333
cl1x8p7bu00193f6b9qrfgs1t 0 0.3125868055555555 0.5565972222222223 0.046875 0.0645833333333334
cl1x8pz2c001e3f6baljsd3f1 0 0.866796875 0.7381365740740741 0.042447916666666786 0.05428240740740738
cl1x8q3k9001i3f6bqul43214 0 0.711111111111111 0.728587962962963 0.040625 0.06666666666666667
cl1x8q730001m3f6b3ehrw3ir 0 0.9396354166666667 0.8808333333333334 0.0359375 0.05
cl1x8qbrj001r3f6bqrp39tej 0 0.7911994485294118 0.8564644607843138 0.04489889705882355 0.05876225490196075
cl1x8qhfm001w3f6bqonobao6 0 0.74609375 0.9527462121212121 0.0359375 0.06117424242424244
cl1x8qm6k00203f6bhtj7t6h9 0 0.9502604166666668 0.81875 0.036979166666666605 0.058333333333333334
cl1x8y8wp00243f6bczckj7d5 0 0.78359375 0.9318181818181818 0.0484375 0.06666666666666667
cl1x8zxp700293f6bs2hoa2iz 0 0.72734375 0.9291666666666667 0.03125 0.058333333333333334
cl1x9r870002n3f6bpj1mow54 0 0.9446924603174602 0.027910052910052906 0.0375 0.04583333333333333
