cl1x8p06c00153f6b05wzxejg 0 0.7587279524539877 0.20593686094069527 0.0359375 0.04583333333333333
cl1x8p7bu00193f6b9qrfgs1t 0 0.3698863636363636 0.2858901515151515 0.0453125 0.06874999999999996
cl1x8q3k9001i3f6bqul43214 0 0.71328125 0.6049242424242425 0.0484375 0.06458333333333334
cl1x8q730001m3f6b3ehrw3ir 0 0.8563920454545455 0.909375 0.0390625 0.03958333333333333
cl1x8qbrj001r3f6bqrp39tej 0 0.790625 0.8541666666666666 0.04375 0.05416666666666667
cl1x8qhfm001w3f6bqonobao6 0 0.753125 0.9770833333333333 0.034375 0.04583333333333333
cl1x8zxp700293f6bs2hoa2iz 0 0.6529485887096774 0.49428763440860213 0.0391633064516129 0.056317204301075265
cl1x9htyz002d3f6b4gnhli6c 0 0.97578125 0.92578125 0.04375 0.05416666666666667
cl1x9o3hb002i3f6bwfsaz760 0 0.9442187499999999 0.10354166666666667 0.04375 0.058333333333333334
cl1x9r870002n3f6bpj1mow54 0 0.942171937250996 0.035416666666666666 0.034343874501992035 0.04583333333333333
