cl1x8p06c00153f6b05wzxejg 0 0.7612394555214724 0.2000766871165644 0.0359375 0.04583333333333333
cl1x8p7bu00193f6b9qrfgs1t 0 0.33203125 0.5044642857142858 0.046875 0.0645833333333334
cl1x8pz2c001e3f6baljsd3f1 0 0.9181919642857143 0.7502976190476189 0.042857142857142885 0.055059523809523725
cl1x8q3k9001i3f6bqul43214 0 0.7071428571428571 0.7078869047619047 0.0515625 0.06875
cl1x8q730001m3f6b3ehrw3ir 0 0.9242745535714285 0.9023809523809523 0.038950892857142885 0.04642857142857141
cl1x8qbrj001r3f6bqrp39tej 0 0.7910960477941177 0.8560508578431372 0.04469209558823532 0.05793504901960785
cl1x8qhfm001w3f6bqonobao6 0 0.7501953125 0.9592447916666667 0.0359375 0.06458333333333334
cl1x8qm6k00203f6bhtj7t6h9 0 0.9787388392857143 0.7972470238095238 0.03515625 0.059970238095238076
cl1x8y8wp00243f6bczckj7d5 0 0.8438058035714284 0.8858630952380953 0.03939732142857135 0.06041666666666667
cl1x8zxp700293f6bs2hoa2iz 0 0.733984375 0.871279761904762 0.032254464285714234 0.058333333333333334
cl1x9r870002n3f6bpj1mow54 0 0.94375 0.029604166666666668 0.0375 0.04583333333333333
