cl1x8p06c00153f6b05wzxejg 0 0.7620446702453988 0.1981978527607362 0.0359375 0.04583333333333333
cl1x8p7bu00193f6b9qrfgs1t 0 0.2934027777777778 0.5746527777777778 0.046875 0.06458333333333334
cl1x8pz2c001e3f6baljsd3f1 0 0.83125 0.7193287037037038 0.04583333333333321 0.055787037037037024
cl1x8q3k9001i3f6bqul43214 0 0.7133680555555555 0.7481481481481481 0.040625 0.06666666666666667
cl1x8q730001m3f6b3ehrw3ir 0 0.94375 0.875 0.03125 0.058333333333333334
cl1x8qbrj001r3f6bqrp39tej 0 0.7912890625 0.8568229166666667 0.04507812500000004 0.05947916666666669
cl1x8qhfm001w3f6bqonobao6 0 0.7442598684210526 0.9642324561403509 0.036480263157894745 0.06736842105263155
cl1x8qm6k00203f6bhtj7t6h9 0 0.9546875 0.8479166666666667 0.04375 0.05
cl1x8y8wp00243f6bczckj7d5 0 0.7391335227272727 0.9538825757575757 0.0453125 0.05625
cl1x9r870002n3f6bpj1mow54 0 0.945138888888889 0.027546296296296294 0.037152777777777854 0.04490740740740741
