cl1x8p06c00153f6b05wzxejg 0 0.762188458588957 0.19786234662576688 0.0359375 0.04583333333333333
cl1x8p7bu00193f6b9qrfgs1t 0 0.28611778846153846 0.5836538461538462 0.046514423076923085 0.06282051282051278
cl1x8pz2c001e3f6baljsd3f1 0 0.8173076923076923 0.7135416666666666 0.046875 0.05625
cl1x8q3k9001i3f6bqul43214 0 0.713701923076923 0.7556891025641026 0.039903846153846165 0.06522435897435888
cl1x8q730001m3f6b3ehrw3ir 0 0.956670673076923 0.857051282051282 0.032091346153846165 0.051923076923077
cl1x8qbrj001r3f6bqrp39tej 0 0.7913235294117646 0.8569607843137256 0.04514705882352939 0.059754901960784326
cl1x8qhfm001w3f6bqonobao6 0 0.7432730263157895 0.9639035087719298 0.038453947368421025 0.06802631578947367
cl1x8qm6k00203f6bhtj7t6h9 0 0.9524038461538462 0.8668269230769231 0.04735576923076934 0.05128205128205122
cl1x8y8wp00243f6bczckj7d5 0 0.7162946428571428 0.9720238095238095 0.05 0.0559523809523809
cl1x9r870002n3f6bpj1mow54 0 0.9449528769841269 0.028042328042328042 0.036780753968253956 0.043915343915343914
