cl1x8p06c00153f6b05wzxejg 0 0.7605684432515337 0.20164238241308793 0.0359375 0.04583333333333333
cl1x8p7bu00193f6b9qrfgs1t 0 0.35125 0.45045833333333335 0.046875 0.06458333333333334
cl1x8pz2c001e3f6baljsd3f1 0 0.9872395833333332 0.7548611111111112 0.021354166666666608 0.03472222222222226
cl1x8q3k9001i3f6bqul43214 0 0.70234375 0.6785416666666666 0.0515625 0.06875
cl1x8q730001m3f6b3ehrw3ir 0 0.9044034090909092 0.9229166666666667 0.034375 0.041666666666666664
cl1x8qbrj001r3f6bqrp39tej 0 0.7909352022058823 0.8554074754901961 0.04437040441176467 0.05664828431372548
cl1x8qhfm001w3f6bqonobao6 0 0.7572882401315789 0.9770833333333333 0.034375 0.04583333333333333
cl1x8qm6k00203f6bhtj7t6h9 0 0.9917812500000001 0.7583333333333333 0.01606249999999996 0.058333333333333334
cl1x8y8wp00243f6bczckj7d5 0 0.9583333333333334 0.8444444444444446 0.040625 0.044444444444444405
cl1x8zxp700293f6bs2hoa2iz 0 0.71828125 0.7640833333333333 0.0359375 0.058333333333333334
cl1x9r870002n3f6bpj1mow54 0 0.94375 0.03397916666666667 0.0375 0.04583333333333333
