cl1x8p06c00153f6b05wzxejg 0 0.7589292561349693 0.20546715235173826 0.0359375 0.04583333333333333
cl1x8p7bu00193f6b9qrfgs1t 0 0.3751065340909091 0.3037878787878788 0.0453125 0.06875
cl1x8q3k9001i3f6bqul43214 0 0.71328125 0.6138731060606061 0.0484375 0.06458333333333334
cl1x8q730001m3f6b3ehrw3ir 0 0.8601207386363636 0.909375 0.0390625 0.03958333333333333
cl1x8qbrj001r3f6bqrp39tej 0 0.790625 0.8541666666666666 0.04375 0.05416666666666667
cl1x8qhfm001w3f6bqonobao6 0 0.753125 0.9770833333333333 0.034375 0.04583333333333333
cl1x8zxp700293f6bs2hoa2iz 0 0.6656502016129032 0.5274529569892473 0.041280241935483894 0.057728494623655875
cl1x9htyz002d3f6b4gnhli6c 0 0.9673076923076923 0.9684294871794871 0.044471153846153834 0.042948717948717886
cl1x9o3hb002i3f6bwfsaz760 0 0.971484375 0.12734375 0.0375 0.06458333333333334
cl1x9r870002n3f6bpj1mow54 0 0.9423680278884461 0.035416666666666666 0.03473605577689245 0.04583333333333333
