cl1x8p06c00153f6b05wzxejg 0 0.7613832438650306 0.19974118098159507 0.0359375 0.04583333333333333
cl1x8p7bu00193f6b9qrfgs1t 0 0.3229375 0.517625 0.046875 0.06458333333333327
cl1x8pz2c001e3f6baljsd3f1 0 0.90059375 0.7483333333333333 0.0421875 0.05416666666666667
cl1x8q3k9001i3f6bqul43214 0 0.70940625 0.7167083333333333 0.0515625 0.06875
cl1x8q730001m3f6b3ehrw3ir 0 0.9297187499999999 0.9041666666666667 0.0359375 0.05
cl1x8qbrj001r3f6bqrp39tej 0 0.7911305147058824 0.8561887254901961 0.04476102941176467 0.058210784313725485
cl1x8qhfm001w3f6bqonobao6 0 0.74873046875 0.9563151041666667 0.0359375 0.06458333333333334
cl1x8qm6k00203f6bhtj7t6h9 0 0.9693181818181819 0.8050189393939394 0.0375 0.06041666666666667
cl1x8y8wp00243f6bczckj7d5 0 0.8318080357142857 0.9212301587301588 0.04248511904761898 0.0634920634920635
cl1x8zxp700293f6bs2hoa2iz 0 0.734765625 0.8927083333333333 0.03125 0.058333333333333334
cl1x9r870002n3f6bpj1mow54 0 0.9439484126984127 0.028902116402116405 0.0375 0.04583333333333333
