cl1x8p06c00153f6b05wzxejg 0 0.7617475076687117 0.19889123210633947 0.0359375 0.04583333333333333
cl1x8p7bu00193f6b9qrfgs1t 0 0.30865162037037036 0.560300925925926 0.046875 0.06458333333333334
cl1x8pz2c001e3f6baljsd3f1 0 0.8595052083333334 0.7342785493827161 0.04314236111111107 0.054591049382716035
cl1x8q3k9001i3f6bqul43214 0 0.711574074074074 0.7326003086419753 0.040625 0.06666666666666667
cl1x8q730001m3f6b3ehrw3ir 0 0.9323863636363636 0.8818181818181817 0.038920454545454494 0.05530303030303033
cl1x8qbrj001r3f6bqrp39tej 0 0.791217830882353 0.8565379901960785 0.04493566176470587 0.058909313725490145
cl1x8qhfm001w3f6bqonobao6 0 0.74609375 0.9572916666666667 0.0359375 0.052083333333333336
cl1x8qm6k00203f6bhtj7t6h9 0 0.9506076388888889 0.8229166666666666 0.03628472222222214 0.055555555555555476
cl1x8y8wp00243f6bczckj7d5 0 0.77109375 0.9333333333333333 0.0484375 0.06666666666666667
cl1x8zxp700293f6bs2hoa2iz 0 0.728125 0.9395833333333333 0.03125 0.041666666666666664
cl1x9r870002n3f6bpj1mow54 0 0.9448908730158729 0.027645502645502643 0.0375 0.04583333333333333
