cl1x8p06c00153f6b05wzxejg 0 0.760798504601227 0.20110557259713702 0.0359375 0.04583333333333333
cl1x8p7bu00193f6b9qrfgs1t 0 0.34375 0.4864583333333333 0.046875 0.06458333333333334
cl1x8pz2c001e3f6baljsd3f1 0 0.96875 0.7552083333333334 0.034375 0.035416666666666666
cl1x8q3k9001i3f6bqul43214 0 0.70234375 0.6885416666666667 0.0515625 0.06875
cl1x8q730001m3f6b3ehrw3ir 0 0.9122282608695652 0.909963768115942 0.04184782608695663 0.03768115942028984
cl1x8qbrj001r3f6bqrp39tej 0 0.7909903492647059 0.8556280637254902 0.04448069852941181 0.05708946078431367
cl1x8qhfm001w3f6bqonobao6 0 0.756577620967742 0.9740255376344086 0.03472782258064511 0.05006720430107533
cl1x8qm6k00203f6bhtj7t6h9 0 0.98203125 0.7583333333333333 0.0265625 0.058333333333333334
cl1x8y8wp00243f6bczckj7d5 0 0.92578125 0.8489583333333334 0.0390625 0.04375
cl1x8zxp700293f6bs2hoa2iz 0 0.72578125 0.8020833333333334 0.0359375 0.058333333333333334
cl1x9r870002n3f6bpj1mow54 0 0.94375 0.03247916666666666 0.0375 0.04583333333333333
