cl1x8p06c00153f6b05wzxejg 0 0.7589004984662576 0.2055342535787321 0.0359375 0.04583333333333333
cl1x8p7bu00193f6b9qrfgs1t 0 0.3743607954545455 0.3012310606060606 0.0453125 0.06875
cl1x8q3k9001i3f6bqul43214 0 0.71328125 0.612594696969697 0.0484375 0.06458333333333334
cl1x8q730001m3f6b3ehrw3ir 0 0.8595880681818182 0.909375 0.0390625 0.03958333333333333
cl1x8qbrj001r3f6bqrp39tej 0 0.790625 0.8541666666666666 0.04375 0.05416666666666667
cl1x8qhfm001w3f6bqonobao6 0 0.753125 0.9770833333333333 0.034375 0.04583333333333333
cl1x8zxp700293f6bs2hoa2iz 0 0.663835685483871 0.5227150537634409 0.040977822580645105 0.05752688172043007
cl1x9htyz002d3f6b4gnhli6c 0 0.9703725961538462 0.9633814102564102 0.044110576923077 0.04439102564102567
cl1x9o3hb002i3f6bwfsaz760 0 0.969140625 0.12458333333333332 0.03703125000000007 0.06374999999999999
cl1x9r870002n3f6bpj1mow54 0 0.942340014940239 0.035416666666666666 0.034680029880478004 0.04583333333333333
