cl1x8p06c00153f6b05wzxejg 0 0.762083013803681 0.1981083844580777 0.0359375 0.04583333333333333
cl1x8p7bu00193f6b9qrfgs1t 0 0.2914351851851852 0.5765046296296297 0.046875 0.06458333333333334
cl1x8pz2c001e3f6baljsd3f1 0 0.8276041666666668 0.7173996913580247 0.04618055555555554 0.05594135802469135
cl1x8q3k9001i3f6bqul43214 0 0.713599537037037 0.7501543209876543 0.040625 0.06666666666666667
cl1x8q730001m3f6b3ehrw3ir 0 0.9484375 0.8704861111111111 0.03125 0.05625
cl1x8qbrj001r3f6bqrp39tej 0 0.7912982536764706 0.856859681372549 0.0450965073529412 0.059552696078431326
cl1x8qhfm001w3f6bqonobao6 0 0.7439967105263158 0.9641447368421052 0.037006578947368404 0.06754385964912284
cl1x8qm6k00203f6bhtj7t6h9 0 0.9546875 0.8541666666666666 0.044791666666666785 0.05
cl1x8y8wp00243f6bczckj7d5 0 0.7307812499999999 0.9589583333333334 0.0453125 0.05625
cl1x9r870002n3f6bpj1mow54 0 0.9450892857142857 0.027678571428571427 0.03705357142857135 0.044642857142857144
