cl1x8p06c00153f6b05wzxejg 0 0.7613257285276074 0.19987538343558284 0.0359375 0.04583333333333333
cl1x8p7bu00193f6b9qrfgs1t 0 0.3274375 0.5121249999999999 0.046875 0.06458333333333334
cl1x8pz2c001e3f6baljsd3f1 0 0.9069687500000001 0.7508333333333332 0.0421875 0.05416666666666667
cl1x8q3k9001i3f6bqul43214 0 0.7067812499999999 0.7132083333333333 0.0515625 0.06875
cl1x8q730001m3f6b3ehrw3ir 0 0.92709375 0.9041666666666667 0.0359375 0.05
cl1x8qbrj001r3f6bqrp39tej 0 0.7911167279411765 0.8561335784313725 0.04473345588235293 0.05810049019607841
cl1x8qhfm001w3f6bqonobao6 0 0.74931640625 0.9574869791666667 0.0359375 0.06458333333333334
cl1x8qm6k00203f6bhtj7t6h9 0 0.9741477272727274 0.8023674242424242 0.0375 0.06041666666666667
cl1x8y8wp00243f6bczckj7d5 0 0.8376953125 0.9127604166666666 0.040234375 0.06197916666666667
cl1x8zxp700293f6bs2hoa2iz 0 0.7365885416666667 0.8864583333333333 0.03125 0.058333333333333334
cl1x9r870002n3f6bpj1mow54 0 0.9437996031746032 0.029100529100529102 0.0375 0.04583333333333333
