cl1x8p06c00153f6b05wzxejg 0 0.7588909125766871 0.20555662065439673 0.0359375 0.04583333333333333
cl1x8p7bu00193f6b9qrfgs1t 0 0.37411221590909094 0.3003787878787879 0.0453125 0.06875
cl1x8q3k9001i3f6bqul43214 0 0.71328125 0.6121685606060605 0.0484375 0.06458333333333334
cl1x8q730001m3f6b3ehrw3ir 0 0.8594105113636363 0.909375 0.0390625 0.03958333333333333
cl1x8qbrj001r3f6bqrp39tej 0 0.790625 0.8541666666666666 0.04375 0.05416666666666667
cl1x8qhfm001w3f6bqonobao6 0 0.753125 0.9770833333333333 0.034375 0.04583333333333333
cl1x8zxp700293f6bs2hoa2iz 0 0.6632308467741936 0.521135752688172 0.040877016129032294 0.057459677419354864
cl1x9htyz002d3f6b4gnhli6c 0 0.9713942307692307 0.961698717948718 0.043990384615384494 0.044871794871794775
cl1x9o3hb002i3f6bwfsaz760 0 0.96796875 0.123125 0.036562500000000143 0.06291666666666668
cl1x9r870002n3f6bpj1mow54 0 0.9423306772908366 0.035416666666666666 0.03466135458167337 0.04583333333333333
