cl1x8p06c00153f6b05wzxejg 0 0.7589675996932514 0.20537768404907977 0.0359375 0.04583333333333333
cl1x8p7bu00193f6b9qrfgs1t 0 0.37610085227272727 0.30719696969696975 0.0453125 0.06875
cl1x8q3k9001i3f6bqul43214 0 0.71328125 0.6155776515151515 0.0484375 0.06458333333333334
cl1x8q730001m3f6b3ehrw3ir 0 0.8608309659090908 0.909375 0.0390625 0.03958333333333333
cl1x8qbrj001r3f6bqrp39tej 0 0.790625 0.8541666666666666 0.04375 0.05416666666666667
cl1x8qhfm001w3f6bqonobao6 0 0.753125 0.9770833333333333 0.034375 0.04583333333333333
cl1x8zxp700293f6bs2hoa2iz 0 0.6680695564516129 0.5337701612903225 0.04168346774193541 0.057997311827957
cl1x9htyz002d3f6b4gnhli6c 0 0.9632211538461538 0.9751602564102565 0.044951923076922994 0.041025641025641
cl1x9o3hb002i3f6bwfsaz760 0 0.973828125 0.12994791666666666 0.0375 0.06458333333333334
cl1x9r870002n3f6bpj1mow54 0 0.9424053784860558 0.035416666666666666 0.034810756972111535 0.04583333333333333
