cl1x8p06c00153f6b05wzxejg 0 0.7621405291411043 0.19797418200408998 0.0359375 0.04583333333333333
cl1x8p7bu00193f6b9qrfgs1t 0 0.2884837962962963 0.5792824074074073 0.046875 0.06458333333333334
cl1x8pz2c001e3f6baljsd3f1 0 0.8221354166666666 0.7145061728395061 0.04670138888888884 0.0561728395061729
cl1x8q3k9001i3f6bqul43214 0 0.7139467592592592 0.7531635802469137 0.040625 0.06666666666666667
cl1x8q730001m3f6b3ehrw3ir 0 0.95546875 0.8637152777777778 0.03125 0.053125
cl1x8qbrj001r3f6bqrp39tej 0 0.7913120404411764 0.8569148284313726 0.04512408088235294 0.05966299019607841
cl1x8qhfm001w3f6bqonobao6 0 0.7436019736842105 0.9640131578947368 0.037796052631578904 0.06780701754385964
cl1x8qm6k00203f6bhtj7t6h9 0 0.9546875 0.8635416666666667 0.046354166666666786 0.05
cl1x8y8wp00243f6bczckj7d5 0 0.7190848214285713 0.965625 0.04799107142857144 0.05982142857142847
cl1x9r870002n3f6bpj1mow54 0 0.9450148809523811 0.02787698412698413 0.036904761904761864 0.04424603174603174
