cl1x8p06c00153f6b05wzxejg 0 0.7623993481595093 0.1973702709611452 0.0359375 0.04583333333333333
cl1x8p7bu00193f6b9qrfgs1t 0 0.2759815705128205 0.6089209401709401 0.04387019230769229 0.04989316239316241
cl1x8pz2c001e3f6baljsd3f1 0 0.7952724358974359 0.7135416666666666 0.04687500000000009 0.05625
cl1x8q3k9001i3f6bqul43214 0 0.7110576923076923 0.7668536324786325 0.03461538461538458 0.05464743589743601
cl1x8q730001m3f6b3ehrw3ir 0 0.9482972756410255 0.8247329059829059 0.03826121794871806 0.05074786324786326
cl1x8qbrj001r3f6bqrp39tej 0 0.791374080882353 0.8571629901960784 0.04524816176470594 0.060159313725490195
cl1x8qhfm001w3f6bqonobao6 0 0.7418256578947368 0.963421052631579 0.04134868421052636 0.06899122807017548
cl1x8qm6k00203f6bhtj7t6h9 0 0.9356570512820512 0.8680021367521368 0.05088141025641022 0.060683760683760704
cl1x8y8wp00243f6bczckj7d5 0 0.69140625 0.9739583333333334 0.0359375 0.052083333333333336
cl1x9r870002n3f6bpj1mow54 0 0.9446800595238095 0.02876984126984127 0.03623511904761898 0.042460317460317455
