cl1x8p06c00153f6b05wzxejg 0 0.7611052530674847 0.20038982617586912 0.0359375 0.04583333333333333
cl1x8p7bu00193f6b9qrfgs1t 0 0.3375 0.49300595238095235 0.046875 0.06458333333333334
cl1x8pz2c001e3f6baljsd3f1 0 0.9369419642857142 0.7461309523809523 0.04441964285714288 0.05714285714285706
cl1x8q3k9001i3f6bqul43214 0 0.7110491071428571 0.6995535714285714 0.0515625 0.06875
cl1x8q730001m3f6b3ehrw3ir 0 0.9207589285714285 0.8982142857142856 0.04598214285714288 0.03809523809523808
cl1x8qbrj001r3f6bqrp39tej 0 0.7910638786764705 0.855922181372549 0.04462775735294109 0.05767769607843138
cl1x8qhfm001w3f6bqonobao6 0 0.7515625 0.9619791666666667 0.0359375 0.06458333333333334
cl1x8qm6k00203f6bhtj7t6h9 0 0.9838169642857142 0.7883928571428572 0.0296875 0.058928571428571414
cl1x8y8wp00243f6bczckj7d5 0 0.8676339285714285 0.8650297619047619 0.040178571428571355 0.06041666666666667
cl1x8zxp700293f6bs2hoa2iz 0 0.72578125 0.8431547619047619 0.03459821428571423 0.058333333333333334
cl1x9r870002n3f6bpj1mow54 0 0.94375 0.030479166666666665 0.0375 0.04583333333333333
