cl1x8p06c00153f6b05wzxejg 0 0.7608464340490798 0.20099373721881392 0.0359375 0.04583333333333333
cl1x8p7bu00193f6b9qrfgs1t 0 0.34309895833333337 0.4864583333333333 0.046875 0.06458333333333334
cl1x8pz2c001e3f6baljsd3f1 0 0.96435546875 0.7528211805555555 0.036653645833333214 0.04019097222222226
cl1x8q3k9001i3f6bqul43214 0 0.7046223958333333 0.68984375 0.0515625 0.06875
cl1x8q730001m3f6b3ehrw3ir 0 0.913586956521739 0.907019927536232 0.04354619565217401 0.03677536231884062
cl1x8qbrj001r3f6bqrp39tej 0 0.7910018382352941 0.8556740196078432 0.04450367647058826 0.05718137254901959
cl1x8qhfm001w3f6bqonobao6 0 0.755695564516129 0.9718413978494624 0.0349798387096774 0.053091397849462395
cl1x8qm6k00203f6bhtj7t6h9 0 0.9830078125 0.7635416666666667 0.0265625 0.058333333333333334
cl1x8y8wp00243f6bczckj7d5 0 0.9161305147058822 0.8575367647058824 0.038143382352941124 0.04375
cl1x8zxp700293f6bs2hoa2iz 0 0.7248046875 0.8072916666666666 0.0359375 0.058333333333333334
cl1x9r870002n3f6bpj1mow54 0 0.94375 0.03216666666666666 0.0375 0.04583333333333333
