cl1x8p06c00153f6b05wzxejg 0 0.7612202837423313 0.20012142126789367 0.0359375 0.04583333333333333
cl1x8p7bu00193f6b9qrfgs1t 0 0.3328125 0.5028273809523809 0.046875 0.06458333333333327
cl1x8pz2c001e3f6baljsd3f1 0 0.9208705357142858 0.7497023809523811 0.043080357142857115 0.055357142857142945
cl1x8q3k9001i3f6bqul43214 0 0.7077008928571429 0.7066964285714286 0.0515625 0.06875
cl1x8q730001m3f6b3ehrw3ir 0 0.9237723214285716 0.9017857142857143 0.03995535714285712 0.04523809523809526
cl1x8qbrj001r3f6bqrp39tej 0 0.7910914522058824 0.856032475490196 0.04468290441176474 0.05789828431372553
cl1x8qhfm001w3f6bqonobao6 0 0.750390625 0.9596354166666666 0.0359375 0.06458333333333334
cl1x8qm6k00203f6bhtj7t6h9 0 0.9794642857142858 0.7959821428571429 0.034375 0.05982142857142859
cl1x8y8wp00243f6bczckj7d5 0 0.8472098214285715 0.8828869047619048 0.039508928571428646 0.06041666666666667
cl1x8zxp700293f6bs2hoa2iz 0 0.7328125 0.8672619047619048 0.032589285714285765 0.058333333333333334
cl1x9r870002n3f6bpj1mow54 0 0.94375 0.029729166666666664 0.0375 0.04583333333333333
