cl1x8p06c00153f6b05wzxejg 0 0.7610477377300613 0.20052402862985685 0.0359375 0.04583333333333333
cl1x8p7bu00193f6b9qrfgs1t 0 0.33984375 0.4880952380952381 0.046875 0.06458333333333334
cl1x8pz2c001e3f6baljsd3f1 0 0.9449776785714284 0.7443452380952381 0.04508928571428559 0.05803571428571435
cl1x8q3k9001i3f6bqul43214 0 0.7127232142857143 0.6959821428571428 0.0515625 0.06875
cl1x8q730001m3f6b3ehrw3ir 0 0.9192522321428571 0.8964285714285715 0.04899553571428576 0.03452380952380949
cl1x8qbrj001r3f6bqrp39tej 0 0.7910500919117647 0.8558670343137255 0.04460018382352935 0.0575674019607843
cl1x8qhfm001w3f6bqonobao6 0 0.7521484375 0.9631510416666667 0.0359375 0.06458333333333334
cl1x8qm6k00203f6bhtj7t6h9 0 0.9859933035714287 0.7845982142857143 0.02734375 0.05848214285714294
cl1x8y8wp00243f6bczckj7d5 0 0.8778459821428573 0.8561011904761905 0.04051339285714288 0.06041666666666667
cl1x8zxp700293f6bs2hoa2iz 0 0.722265625 0.8311011904761905 0.035602678571428646 0.058333333333333334
cl1x9r870002n3f6bpj1mow54 0 0.94375 0.030854166666666665 0.0375 0.04583333333333333
