cl1x8p06c00153f6b05wzxejg 0 0.7619871549079755 0.19833205521472394 0.0359375 0.04583333333333333
cl1x8p7bu00193f6b9qrfgs1t 0 0.29635416666666664 0.571875 0.046875 0.06458333333333334
cl1x8pz2c001e3f6baljsd3f1 0 0.83671875 0.7222222222222221 0.0453125 0.055555555555555594
cl1x8q3k9001i3f6bqul43214 0 0.7130208333333333 0.7451388888888889 0.040625 0.06666666666666667
cl1x8q730001m3f6b3ehrw3ir 0 0.93984375 0.878125 0.0359375 0.058333333333333334
cl1x8qbrj001r3f6bqrp39tej 0 0.7912752757352941 0.8567677696078432 0.0450505514705883 0.05936887254901961
cl1x8qhfm001w3f6bqonobao6 0 0.7446546052631579 0.9643640350877193 0.035690789473684245 0.06710526315789475
cl1x8qm6k00203f6bhtj7t6h9 0 0.9546875 0.84375 0.0421875 0.05
cl1x8y8wp00243f6bczckj7d5 0 0.7442471590909091 0.9459280303030303 0.0453125 0.05625
cl1x8zxp700293f6bs2hoa2iz 0 0.734375 0.9833333333333333 0.0375 0.03333333333333333
cl1x9r870002n3f6bpj1mow54 0 0.9452132936507937 0.027347883597883597 0.03730158730158735 0.045304232804232805
