cl1x8p06c00153f6b05wzxejg 0 0.7608368481595092 0.20101610429447853 0.0359375 0.04583333333333333
cl1x8p7bu00193f6b9qrfgs1t 0 0.34322916666666664 0.4864583333333333 0.046875 0.06458333333333334
cl1x8pz2c001e3f6baljsd3f1 0 0.965234375 0.7532986111111112 0.03619791666666679 0.03923611111111107
cl1x8q3k9001i3f6bqul43214 0 0.7041666666666667 0.6895833333333333 0.0515625 0.06875
cl1x8q730001m3f6b3ehrw3ir 0 0.9133152173913043 0.907608695652174 0.04320652173913046 0.036956521739130464
cl1x8qbrj001r3f6bqrp39tej 0 0.7909995404411765 0.8556648284313726 0.04449908088235297 0.05716299019607843
cl1x8qhfm001w3f6bqonobao6 0 0.7558719758064516 0.9722782258064517 0.034929435483870994 0.052486559139784936
cl1x8qm6k00203f6bhtj7t6h9 0 0.9828125 0.7625 0.0265625 0.058333333333333334
cl1x8y8wp00243f6bczckj7d5 0 0.9180606617647058 0.8558210784313726 0.038327205882353076 0.04375
cl1x8zxp700293f6bs2hoa2iz 0 0.725 0.80625 0.0359375 0.058333333333333334
cl1x9r870002n3f6bpj1mow54 0 0.94375 0.03222916666666666 0.0375 0.04583333333333333
