cl1x8p06c00153f6b05wzxejg 0 0.758680023006135 0.2060486963190184 0.0359375 0.04583333333333333
cl1x8p7bu00193f6b9qrfgs1t 0 0.3686434659090909 0.28162878787878787 0.0453125 0.06875
cl1x8q3k9001i3f6bqul43214 0 0.71328125 0.6027935606060606 0.0484375 0.06458333333333334
cl1x8q730001m3f6b3ehrw3ir 0 0.8555042613636363 0.909375 0.0390625 0.03958333333333333
cl1x8qbrj001r3f6bqrp39tej 0 0.790625 0.8541666666666666 0.04375 0.05416666666666667
cl1x8qhfm001w3f6bqonobao6 0 0.753125 0.9770833333333333 0.034375 0.04583333333333333
cl1x8zxp700293f6bs2hoa2iz 0 0.6521033653846153 0.48629807692307697 0.03858173076923075 0.05625
cl1x9htyz002d3f6b4gnhli6c 0 0.9802083333333332 0.9145833333333333 0.039583333333333394 0.055555555555555476
cl1x9o3hb002i3f6bwfsaz760 0 0.93875 0.11083333333333334 0.04375 0.058333333333333334
cl1x9r870002n3f6bpj1mow54 0 0.9421252490039841 0.035416666666666666 0.03425049800796813 0.04583333333333333
