cl1x8p06c00153f6b05wzxejg 0 0.7624281058282208 0.19730316973415132 0.0359375 0.04583333333333333
cl1x8p7bu00193f6b9qrfgs1t 0 0.27459935897435894 0.6123664529914531 0.043509615384615376 0.048130341880341966
cl1x8pz2c001e3f6baljsd3f1 0 0.7922676282051283 0.7135416666666666 0.04687500000000009 0.05625
cl1x8q3k9001i3f6bqul43214 0 0.7106971153846153 0.7683760683760684 0.033894230769230746 0.053205128205128224
cl1x8q730001m3f6b3ehrw3ir 0 0.9471554487179488 0.8203258547008547 0.03910256410256423 0.05058760683760681
cl1x8qbrj001r3f6bqrp39tej 0 0.7913809742647059 0.8571905637254902 0.04526194852941181 0.060214460784313674
cl1x8qhfm001w3f6bqonobao6 0 0.7416282894736842 0.9633552631578948 0.041743421052631555 0.06912280701754388
cl1x8qm6k00203f6bhtj7t6h9 0 0.9333733974358974 0.8681623931623932 0.05136217948717956 0.061965811965811926
cl1x8y8wp00243f6bczckj7d5 0 0.69140625 0.9774739583333333 0.0359375 0.04505208333333333
cl1x9r870002n3f6bpj1mow54 0 0.9446428571428571 0.02886904761904762 0.036160714285714234 0.04226190476190476
