cl1x8p06c00153f6b05wzxejg 0 0.7610860812883435 0.20043456032719836 0.0359375 0.04583333333333333
cl1x8p7bu00193f6b9qrfgs1t 0 0.33828125 0.49136904761904765 0.046875 0.06458333333333334
cl1x8pz2c001e3f6baljsd3f1 0 0.9396205357142857 0.7455357142857143 0.044642857142857116 0.05744047619047628
cl1x8q3k9001i3f6bqul43214 0 0.7116071428571429 0.6983630952380953 0.0515625 0.06875
cl1x8q730001m3f6b3ehrw3ir 0 0.9202566964285716 0.8976190476190476 0.046986607142857115 0.03690476190476192
cl1x8qbrj001r3f6bqrp39tej 0 0.7910592830882353 0.8559037990196079 0.04461856617647051 0.05764093137254906
cl1x8qhfm001w3f6bqonobao6 0 0.7517578125 0.9623697916666667 0.0359375 0.06458333333333334
cl1x8qm6k00203f6bhtj7t6h9 0 0.9845424107142857 0.7871279761904761 0.02890625 0.058779761904761925
cl1x8y8wp00243f6bczckj7d5 0 0.8710379464285716 0.8620535714285714 0.04029017857142865 0.06041666666666667
cl1x8zxp700293f6bs2hoa2iz 0 0.724609375 0.8391369047619047 0.034933035714285764 0.058333333333333334
cl1x9r870002n3f6bpj1mow54 0 0.94375 0.03060416666666667 0.0375 0.04583333333333333
