cl1x8p06c00153f6b05wzxejg 0 0.7606451303680981 0.20146344580777098 0.0359375 0.04583333333333333
cl1x8p7bu00193f6b9qrfgs1t 0 0.34875 0.4624583333333333 0.046875 0.06458333333333334
cl1x8pz2c001e3f6baljsd3f1 0 0.9795454545454547 0.7559659090909091 0.028693181818181833 0.036931818181818225
cl1x8q3k9001i3f6bqul43214 0 0.70234375 0.681875 0.0515625 0.06875
cl1x8q730001m3f6b3ehrw3ir 0 0.9078804347826086 0.9193840579710145 0.036413043478260756 0.04057971014492748
cl1x8qbrj001r3f6bqrp39tej 0 0.7909535845588235 0.8554810049019608 0.04440716911764699 0.05679534313725488
cl1x8qhfm001w3f6bqonobao6 0 0.7575349506578948 0.9770833333333333 0.034375 0.04583333333333333
cl1x8qm6k00203f6bhtj7t6h9 0 0.98853125 0.7583333333333333 0.019562499999999972 0.058333333333333334
cl1x8y8wp00243f6bczckj7d5 0 0.9448437500000001 0.8390625 0.040625 0.04937500000000009
cl1x8zxp700293f6bs2hoa2iz 0 0.72078125 0.7767499999999999 0.0359375 0.058333333333333334
cl1x9r870002n3f6bpj1mow54 0 0.94375 0.033479166666666664 0.0375 0.04583333333333333
