cl1x8p06c00153f6b05wzxejg 0 0.7616899923312883 0.1990254345603272 0.0359375 0.04583333333333333
cl1x8p7bu00193f6b9qrfgs1t 0 0.31160300925925927 0.5575231481481481 0.046875 0.06458333333333327
cl1x8pz2c001e3f6baljsd3f1 0 0.8649739583333332 0.7371720679012346 0.04262152777777768 0.054359567901234605
cl1x8q3k9001i3f6bqul43214 0 0.7112268518518519 0.729591049382716 0.040625 0.06666666666666667
cl1x8q730001m3f6b3ehrw3ir 0 0.938778409090909 0.8795454545454545 0.03636363636363651 0.05075757575757578
cl1x8qbrj001r3f6bqrp39tej 0 0.7912040441176471 0.856482843137255 0.04490808823529413 0.058799019607843186
cl1x8qhfm001w3f6bqonobao6 0 0.74609375 0.9538825757575757 0.0359375 0.05890151515151511
cl1x8qm6k00203f6bhtj7t6h9 0 0.9503472222222221 0.8197916666666667 0.036805555555555536 0.05763888888888881
cl1x8y8wp00243f6bczckj7d5 0 0.78046875 0.9321969696969696 0.0484375 0.06666666666666667
cl1x8zxp700293f6bs2hoa2iz 0 0.7278645833333333 0.9347222222222222 0.03125 0.058333333333333334
cl1x9r870002n3f6bpj1mow54 0 0.9447420634920635 0.02784391534391534 0.0375 0.04583333333333333
