cl1x8p06c00153f6b05wzxejg 0 0.7615749616564418 0.19929383946830267 0.0359375 0.04583333333333333
cl1x8p7bu00193f6b9qrfgs1t 0 0.31207386363636364 0.540625 0.046875 0.06458333333333334
cl1x8pz2c001e3f6baljsd3f1 0 0.8784801136363637 0.7409090909090909 0.0421875 0.05416666666666667
cl1x8q3k9001i3f6bqul43214 0 0.7144176136363637 0.7264204545454546 0.04758522727272725 0.06799242424242422
cl1x8q730001m3f6b3ehrw3ir 0 0.9375520833333333 0.8975000000000001 0.0359375 0.05
cl1x8qbrj001r3f6bqrp39tej 0 0.7911764705882354 0.8563725490196078 0.04485294117647065 0.058578431372549034
cl1x8qhfm001w3f6bqonobao6 0 0.74677734375 0.9524088541666667 0.0359375 0.06458333333333334
cl1x8qm6k00203f6bhtj7t6h9 0 0.9532196969696969 0.8138573232323232 0.0375 0.06041666666666667
cl1x8y8wp00243f6bczckj7d5 0 0.8012073863636363 0.9299242424242424 0.0484375 0.06666666666666667
cl1x8zxp700293f6bs2hoa2iz 0 0.728689236111111 0.9135416666666667 0.03125 0.058333333333333334
cl1x9r870002n3f6bpj1mow54 0 0.9444444444444444 0.028240740740740743 0.0375 0.04583333333333333
