cl1x8p06c00153f6b05wzxejg 0 0.7624376917177914 0.19728080265848671 0.0359375 0.04583333333333333
cl1x8p7bu00193f6b9qrfgs1t 0 0.2741386217948718 0.6135149572649573 0.04338942307692308 0.04754273504273503
cl1x8pz2c001e3f6baljsd3f1 0 0.7912660256410258 0.7135416666666666 0.04687500000000009 0.05625
cl1x8q3k9001i3f6bqul43214 0 0.7105769230769231 0.768883547008547 0.033653846153846166 0.052724358974359
cl1x8q730001m3f6b3ehrw3ir 0 0.9467748397435898 0.8188568376068376 0.03938301282051278 0.05053418803418808
cl1x8qbrj001r3f6bqrp39tej 0 0.7913832720588235 0.8571997549019609 0.0452665441176471 0.06023284313725495
cl1x8qhfm001w3f6bqonobao6 0 0.7415625 0.9633333333333333 0.041875000000000016 0.06916666666666664
cl1x8qm6k00203f6bhtj7t6h9 0 0.9326121794871796 0.8682158119658119 0.05152243589743595 0.06239316239316241
cl1x8y8wp00243f6bczckj7d5 0 0.69140625 0.9786458333333333 0.0359375 0.042708333333333334
cl1x9r870002n3f6bpj1mow54 0 0.9446304563492063 0.028902116402116405 0.03613591269841265 0.042195767195767196
