cl1x8p06c00153f6b05wzxejg 0 0.7588813266871165 0.20557898773006134 0.0359375 0.04583333333333333
cl1x8p7bu00193f6b9qrfgs1t 0 0.3738636363636364 0.2995265151515152 0.0453125 0.06875000000000003
cl1x8q3k9001i3f6bqul43214 0 0.71328125 0.6117424242424242 0.0484375 0.06458333333333334
cl1x8q730001m3f6b3ehrw3ir 0 0.8592329545454545 0.909375 0.0390625 0.03958333333333333
cl1x8qbrj001r3f6bqrp39tej 0 0.790625 0.8541666666666666 0.04375 0.05416666666666667
cl1x8qhfm001w3f6bqonobao6 0 0.753125 0.9770833333333333 0.034375 0.04583333333333333
cl1x8zxp700293f6bs2hoa2iz 0 0.6626260080645162 0.5195564516129033 0.04077620967741931 0.057392473118279594
cl1x9htyz002d3f6b4gnhli6c 0 0.9724158653846153 0.9600160256410255 0.04387019230769233 0.045352564102564115
cl1x9o3hb002i3f6bwfsaz760 0 0.966796875 0.12166666666666666 0.036093749999999855 0.06208333333333333
cl1x9r870002n3f6bpj1mow54 0 0.9423213396414344 0.035416666666666666 0.03464267928286855 0.04583333333333333
