cl1x8p06c00153f6b05wzxejg 0 0.7621213573619632 0.19801891615541922 0.0359375 0.04583333333333333
cl1x8p7bu00193f6b9qrfgs1t 0 0.2894675925925926 0.5783564814814814 0.046875 0.06458333333333334
cl1x8pz2c001e3f6baljsd3f1 0 0.8239583333333332 0.7154706790123458 0.04652777777777768 0.056095679012345676
cl1x8q3k9001i3f6bqul43214 0 0.7138310185185185 0.7521604938271604 0.040625 0.06666666666666667
cl1x8q730001m3f6b3ehrw3ir 0 0.953125 0.8659722222222223 0.03125 0.05416666666666667
cl1x8qbrj001r3f6bqrp39tej 0 0.7913074448529411 0.8568964460784314 0.04511488970588236 0.05962622549019609
cl1x8qhfm001w3f6bqonobao6 0 0.743733552631579 0.9640570175438598 0.03753289473684207 0.067719298245614
cl1x8qm6k00203f6bhtj7t6h9 0 0.9546875 0.8604166666666667 0.04583333333333321 0.05
cl1x8y8wp00243f6bczckj7d5 0 0.7224330357142857 0.9635416666666666 0.04665178571428567 0.05803571428571435
cl1x9r870002n3f6bpj1mow54 0 0.9450396825396826 0.02781084656084656 0.036954365079365024 0.04437830687830688
