cl1x8p06c00153f6b05wzxejg 0 0.7612777990797546 0.1999872188139059 0.0359375 0.04583333333333333
cl1x8p7bu00193f6b9qrfgs1t 0 0.33046875 0.5077380952380952 0.046875 0.06458333333333334
cl1x8pz2c001e3f6baljsd3f1 0 0.9128348214285715 0.7514880952380952 0.04241071428571441 0.054464285714285646
cl1x8q3k9001i3f6bqul43214 0 0.7060267857142857 0.7102678571428572 0.0515625 0.06875
cl1x8q730001m3f6b3ehrw3ir 0 0.9252790178571428 0.9035714285714286 0.03694196428571424 0.048809523809523844
cl1x8qbrj001r3f6bqrp39tej 0 0.7911052389705883 0.8560876225490196 0.04471047794117648 0.05800857843137261
cl1x8qhfm001w3f6bqonobao6 0 0.7498046875 0.9584635416666667 0.0359375 0.06458333333333334
cl1x8qm6k00203f6bhtj7t6h9 0 0.9772879464285713 0.7997767857142857 0.03671875 0.06026785714285706
cl1x8y8wp00243f6bczckj7d5 0 0.8369977678571427 0.8918154761904762 0.039174107142857115 0.06041666666666667
cl1x8zxp700293f6bs2hoa2iz 0 0.736328125 0.8793154761904761 0.03158482142857135 0.058333333333333334
cl1x9r870002n3f6bpj1mow54 0 0.94375 0.029354166666666667 0.0375 0.04583333333333333
