cl1x8p06c00153f6b05wzxejg 0 0.75859375 0.20625 0.0359375 0.04583333333333333
cl1x8p7bu00193f6b9qrfgs1t 0 0.370703125 0.259375 0.0453125 0.06875
cl1x8q3k9001i3f6bqul43214 0 0.7106897865853659 0.593775406504065 0.0484375 0.06458333333333334
cl1x8q730001m3f6b3ehrw3ir 0 0.859014423076923 0.9175480769230769 0.0390625 0.03958333333333333
cl1x8qbrj001r3f6bqrp39tej 0 0.790625 0.8541666666666666 0.04375 0.05416666666666667
cl1x8qhfm001w3f6bqonobao6 0 0.753125 0.9770833333333333 0.034375 0.04583333333333333
cl1x8zxp700293f6bs2hoa2iz 0 0.6380514705882353 0.44025735294117646 0.041911764705882336 0.06017156862745097
cl1x9htyz002d3f6b4gnhli6c 0 0.99140625 0.8521780303030303 0.0171875 0.06458333333333334
cl1x9o3hb002i3f6bwfsaz760 0 0.9015625 0.09791666666666667 0.04375 0.058333333333333334
cl1x9r870002n3f6bpj1mow54 0 0.941882470119522 0.035416666666666666 0.03376494023904382 0.04583333333333333
