cl1x8p06c00153f6b05wzxejg 0 0.7614024156441718 0.19969644683026586 0.0359375 0.04583333333333333
cl1x8p7bu00193f6b9qrfgs1t 0 0.3214375 0.5194583333333332 0.046875 0.06458333333333327
cl1x8pz2c001e3f6baljsd3f1 0 0.8984687499999999 0.7475 0.0421875 0.05416666666666667
cl1x8q3k9001i3f6bqul43214 0 0.71028125 0.7178749999999999 0.0515625 0.06875
cl1x8q730001m3f6b3ehrw3ir 0 0.9305937500000001 0.9041666666666667 0.0359375 0.05
cl1x8qbrj001r3f6bqrp39tej 0 0.7911351102941176 0.8562071078431372 0.04477022058823525 0.058247549019607804
cl1x8qhfm001w3f6bqonobao6 0 0.74853515625 0.9559244791666667 0.0359375 0.06458333333333334
cl1x8qm6k00203f6bhtj7t6h9 0 0.9677083333333334 0.8059027777777777 0.0375 0.06041666666666667
cl1x8y8wp00243f6bczckj7d5 0 0.82890625 0.9222222222222222 0.043229166666666784 0.06388888888888893
cl1x8zxp700293f6bs2hoa2iz 0 0.734157986111111 0.8947916666666667 0.03125 0.058333333333333334
cl1x9r870002n3f6bpj1mow54 0 0.9439980158730158 0.028835978835978836 0.0375 0.04583333333333333
