cl1x8p06c00153f6b05wzxejg 0 0.75859375 0.20625 0.0359375 0.04583333333333333
cl1x8p7bu00193f6b9qrfgs1t 0 0.3697265625 0.23854166666666668 0.0453125 0.06875
cl1x8q3k9001i3f6bqul43214 0 0.707641006097561 0.5876778455284553 0.0484375 0.06458333333333334
cl1x8q730001m3f6b3ehrw3ir 0 0.8536979166666667 0.9157638888888889 0.0390625 0.03958333333333333
cl1x8qbrj001r3f6bqrp39tej 0 0.790625 0.8541666666666666 0.04375 0.05416666666666667
cl1x8qhfm001w3f6bqonobao6 0 0.753125 0.9770833333333333 0.034375 0.04583333333333333
cl1x8zxp700293f6bs2hoa2iz 0 0.6229687500000001 0.40750000000000003 0.04343750000000002 0.06305555555555559
cl1x9htyz002d3f6b4gnhli6c 0 0.99375 0.8114583333333333 0.0125 0.06458333333333334
cl1x9o3hb002i3f6bwfsaz760 0 0.8674715909090909 0.07859848484848485 0.04375 0.058333333333333334
cl1x9r870002n3f6bpj1mow54 0 0.9416957171314742 0.035416666666666666 0.033391434262948216 0.04583333333333333
