cl1x8p06c00153f6b05wzxejg 0 0.7605876150306748 0.2015976482617587 0.0359375 0.04583333333333333
cl1x8p7bu00193f6b9qrfgs1t 0 0.350625 0.45345833333333335 0.046875 0.06458333333333334
cl1x8pz2c001e3f6baljsd3f1 0 0.98359375 0.75625 0.0265625 0.0375
cl1x8q3k9001i3f6bqul43214 0 0.70234375 0.6793750000000001 0.0515625 0.06875
cl1x8q730001m3f6b3ehrw3ir 0 0.90625 0.9229166666666667 0.034375 0.041666666666666664
cl1x8qbrj001r3f6bqrp39tej 0 0.7909397977941176 0.8554258578431373 0.04437959558823525 0.0566850490196078
cl1x8qhfm001w3f6bqonobao6 0 0.7573499177631579 0.9770833333333333 0.034375 0.04583333333333333
cl1x8qm6k00203f6bhtj7t6h9 0 0.9909687500000001 0.7583333333333333 0.01693750000000005 0.058333333333333334
cl1x8y8wp00243f6bczckj7d5 0 0.953125 0.83125 0.040625 0.04583333333333333
cl1x8zxp700293f6bs2hoa2iz 0 0.7189062500000001 0.76725 0.0359375 0.058333333333333334
cl1x9r870002n3f6bpj1mow54 0 0.94375 0.033854166666666664 0.0375 0.04583333333333333
