cl1x8p06c00153f6b05wzxejg 0 0.75859375 0.20625 0.0359375 0.04583333333333333
cl1x8p7bu00193f6b9qrfgs1t 0 0.3690104166666667 0.27048611111111115 0.0453125 0.06875000000000003
cl1x8q3k9001i3f6bqul43214 0 0.7125190548780488 0.5974339430894309 0.0484375 0.06458333333333334
cl1x8q730001m3f6b3ehrw3ir 0 0.8554086538461538 0.9117788461538461 0.0390625 0.03958333333333333
cl1x8qbrj001r3f6bqrp39tej 0 0.790625 0.8541666666666666 0.04375 0.05416666666666667
cl1x8qhfm001w3f6bqonobao6 0 0.753125 0.9770833333333333 0.034375 0.04583333333333333
cl1x8zxp700293f6bs2hoa2iz 0 0.6489583333333333 0.460300925925926 0.0375 0.05625
cl1x9htyz002d3f6b4gnhli6c 0 0.9873883928571429 0.8808035714285716 0.025223214285714234 0.061011904761904746
cl1x9o3hb002i3f6bwfsaz760 0 0.9173295454545455 0.11098484848484848 0.04375 0.05833333333333332
cl1x9r870002n3f6bpj1mow54 0 0.9419945219123506 0.035416666666666666 0.03398904382470125 0.04583333333333333
