cl1x8p06c00153f6b05wzxejg 0 0.7588621549079755 0.2056237218813906 0.0359375 0.04583333333333333
cl1x8p7bu00193f6b9qrfgs1t 0 0.3733664772727273 0.2978219696969697 0.0453125 0.06875000000000003
cl1x8q3k9001i3f6bqul43214 0 0.71328125 0.6108901515151516 0.0484375 0.06458333333333334
cl1x8q730001m3f6b3ehrw3ir 0 0.8588778409090908 0.909375 0.0390625 0.03958333333333333
cl1x8qbrj001r3f6bqrp39tej 0 0.790625 0.8541666666666666 0.04375 0.05416666666666667
cl1x8qhfm001w3f6bqonobao6 0 0.753125 0.9770833333333333 0.034375 0.04583333333333333
cl1x8zxp700293f6bs2hoa2iz 0 0.6614163306451613 0.5163978494623656 0.040574596774193596 0.05725806451612906
cl1x9htyz002d3f6b4gnhli6c 0 0.97328125 0.95625 0.04375 0.04666666666666662
cl1x9o3hb002i3f6bwfsaz760 0 0.964453125 0.11875 0.03515625 0.06041666666666667
cl1x9r870002n3f6bpj1mow54 0 0.9423026643426293 0.035416666666666666 0.03460532868525892 0.04583333333333333
