cl1x8p06c00153f6b05wzxejg 0 0.7605588573619632 0.20166474948875254 0.0359375 0.04583333333333333
cl1x8p7bu00193f6b9qrfgs1t 0 0.3515625 0.44895833333333335 0.046875 0.06458333333333334
cl1x8pz2c001e3f6baljsd3f1 0 0.9890625 0.7541666666666667 0.01875 0.03333333333333333
cl1x8q3k9001i3f6bqul43214 0 0.70234375 0.678125 0.0515625 0.06875
cl1x8q730001m3f6b3ehrw3ir 0 0.9034801136363637 0.9229166666666667 0.034375 0.041666666666666664
cl1x8qbrj001r3f6bqrp39tej 0 0.7909329044117647 0.8553982843137256 0.04436580882352938 0.056629901960784323
cl1x8qhfm001w3f6bqonobao6 0 0.7572574013157894 0.9770833333333333 0.034375 0.04583333333333333
cl1x8qm6k00203f6bhtj7t6h9 0 0.9921875 0.7583333333333333 0.015625 0.058333333333333334
cl1x8y8wp00243f6bczckj7d5 0 0.9609375 0.8510416666666667 0.040625 0.04375
cl1x8zxp700293f6bs2hoa2iz 0 0.71796875 0.7625 0.0359375 0.058333333333333334
cl1x9r870002n3f6bpj1mow54 0 0.94375 0.034041666666666665 0.0375 0.04583333333333333
