cl1x8p06c00153f6b05wzxejg 0 0.7618912960122699 0.19855572597137014 0.0359375 0.04583333333333333
cl1x8p7bu00193f6b9qrfgs1t 0 0.30127314814814815 0.5672453703703704 0.046875 0.06458333333333334
cl1x8pz2c001e3f6baljsd3f1 0 0.8458333333333332 0.7270447530864198 0.04444444444444447 0.05516975308641972
cl1x8q3k9001i3f6bqul43214 0 0.7124421296296297 0.7401234567901234 0.040625 0.06666666666666667
cl1x8q730001m3f6b3ehrw3ir 0 0.9338541666666667 0.8818055555555555 0.040625 0.058333333333333334
cl1x8qbrj001r3f6bqrp39tej 0 0.7912522977941177 0.8566758578431374 0.04500459558823522 0.059185049019607895
cl1x8qhfm001w3f6bqonobao6 0 0.7453125 0.9645833333333333 0.034375 0.06666666666666667
cl1x8qm6k00203f6bhtj7t6h9 0 0.9536458333333332 0.8356944444444444 0.039374999999999896 0.051111111111111045
cl1x8y8wp00243f6bczckj7d5 0 0.75234375 0.928125 0.0453125 0.05625
cl1x8zxp700293f6bs2hoa2iz 0 0.734375 0.9744047619047619 0.0375 0.041666666666666664
cl1x9r870002n3f6bpj1mow54 0 0.9452628968253969 0.0271494708994709 0.0375 0.04583333333333333
