cl1x8p06c00153f6b05wzxejg 0 0.7612586273006136 0.20003195296523518 0.0359375 0.04583333333333333
cl1x8p7bu00193f6b9qrfgs1t 0 0.33125 0.5061011904761905 0.046875 0.0645833333333334
cl1x8pz2c001e3f6baljsd3f1 0 0.9155133928571428 0.7508928571428571 0.04263392857142847 0.05476190476190475
cl1x8q3k9001i3f6bqul43214 0 0.7065848214285715 0.7090773809523809 0.0515625 0.06875
cl1x8q730001m3f6b3ehrw3ir 0 0.9247767857142858 0.9029761904761905 0.037946428571428645 0.04761904761904757
cl1x8qbrj001r3f6bqrp39tej 0 0.791100643382353 0.8560692401960783 0.0447012867647059 0.05797181372549017
cl1x8qhfm001w3f6bqonobao6 0 0.75 0.9588541666666667 0.0359375 0.06458333333333334
cl1x8qm6k00203f6bhtj7t6h9 0 0.9780133928571428 0.7985119047619047 0.0359375 0.06011904761904769
cl1x8y8wp00243f6bczckj7d5 0 0.8404017857142858 0.8888392857142857 0.039285714285714236 0.06041666666666667
cl1x8zxp700293f6bs2hoa2iz 0 0.73515625 0.875297619047619 0.03191964285714288 0.058333333333333334
cl1x9r870002n3f6bpj1mow54 0 0.94375 0.029479166666666664 0.0375 0.04583333333333333
