cl1x8p06c00153f6b05wzxejg 0 0.7623897622699387 0.19739263803680981 0.0359375 0.04583333333333333
cl1x8p7bu00193f6b9qrfgs1t 0 0.27644230769230765 0.607772435897436 0.043990384615384626 0.050480769230769225
cl1x8pz2c001e3f6baljsd3f1 0 0.7962740384615385 0.7135416666666666 0.046875 0.05625
cl1x8q3k9001i3f6bqul43214 0 0.7111778846153847 0.7663461538461539 0.03485576923076925 0.05512820512820511
cl1x8q730001m3f6b3ehrw3ir 0 0.9486778846153847 0.8262019230769231 0.037980769230769165 0.050801282051282114
cl1x8qbrj001r3f6bqrp39tej 0 0.7913717830882353 0.8571537990196079 0.04524356617647065 0.060140931372549035
cl1x8qhfm001w3f6bqonobao6 0 0.741891447368421 0.9634429824561404 0.041217105263157895 0.0689473684210526
cl1x8qm6k00203f6bhtj7t6h9 0 0.9364182692307693 0.867948717948718 0.05072115384615383 0.06025641025641034
cl1x8y8wp00243f6bczckj7d5 0 0.6925 0.9739583333333334 0.038124999999999964 0.052083333333333336
cl1x9r870002n3f6bpj1mow54 0 0.9446924603174602 0.028736772486772488 0.03625992063492056 0.04252645502645502
