cl1x8p06c00153f6b05wzxejg 0 0.7615078604294478 0.19945040899795502 0.0359375 0.04583333333333333
cl1x8p7bu00193f6b9qrfgs1t 0 0.3131875 0.5295416666666667 0.046875 0.06458333333333334
cl1x8pz2c001e3f6baljsd3f1 0 0.88678125 0.7429166666666667 0.0421875 0.05416666666666667
cl1x8q3k9001i3f6bqul43214 0 0.7150937500000001 0.7242916666666667 0.0515625 0.06875
cl1x8q730001m3f6b3ehrw3ir 0 0.93540625 0.9041666666666667 0.0359375 0.05
cl1x8qbrj001r3f6bqrp39tej 0 0.7911603860294117 0.8563082107843136 0.04482077205882344 0.0584497549019608
cl1x8qhfm001w3f6bqonobao6 0 0.7474609375 0.9537760416666666 0.0359375 0.06458333333333334
cl1x8qm6k00203f6bhtj7t6h9 0 0.9588541666666666 0.810763888888889 0.0375 0.06041666666666667
cl1x8y8wp00243f6bczckj7d5 0 0.8129464285714286 0.9276785714285716 0.047321428571428556 0.06607142857142859
cl1x8zxp700293f6bs2hoa2iz 0 0.7308159722222223 0.90625 0.03125 0.058333333333333334
cl1x9r870002n3f6bpj1mow54 0 0.9442708333333334 0.028472222222222225 0.0375 0.04583333333333333
