cl1x8p06c00153f6b05wzxejg 0 0.760884777607362 0.20090426891615543 0.0359375 0.04583333333333333
cl1x8p7bu00193f6b9qrfgs1t 0 0.342578125 0.4864583333333333 0.046875 0.06458333333333334
cl1x8pz2c001e3f6baljsd3f1 0 0.96083984375 0.7509114583333333 0.0384765625 0.04401041666666667
cl1x8q3k9001i3f6bqul43214 0 0.7064453125 0.6908854166666667 0.0515625 0.06875
cl1x8q730001m3f6b3ehrw3ir 0 0.9146739130434781 0.9046648550724637 0.04490489130434785 0.03605072463768112
cl1x8qbrj001r3f6bqrp39tej 0 0.7910110294117647 0.8557107843137255 0.04452205882352942 0.057254901960784345
cl1x8qhfm001w3f6bqonobao6 0 0.7549899193548387 0.9700940860215054 0.0351814516129032 0.055510752688172
cl1x8qm6k00203f6bhtj7t6h9 0 0.9837890625 0.7677083333333333 0.0265625 0.058333333333333334
cl1x8y8wp00243f6bczckj7d5 0 0.9084099264705883 0.8643995098039217 0.0374080882352942 0.04375
cl1x8zxp700293f6bs2hoa2iz 0 0.7240234375 0.8114583333333333 0.0359375 0.058333333333333334
cl1x9r870002n3f6bpj1mow54 0 0.94375 0.03191666666666667 0.0375 0.04583333333333333
