cl1x8p06c00153f6b05wzxejg 0 0.7625814800613497 0.19694529652351736 0.0359375 0.04583333333333333
cl1x8p7bu00193f6b9qrfgs1t 0 0.2681361607142857 0.6276041666666666 0.0421875 0.041666666666666664
cl1x8pz2c001e3f6baljsd3f1 0 0.7776227678571429 0.7137276785714286 0.048549107142857026 0.05959821428571435
cl1x8q3k9001i3f6bqul43214 0 0.7106305803571429 0.7782366071428571 0.03376116071428568 0.04828869047619051
cl1x8q730001m3f6b3ehrw3ir 0 0.9453404017857142 0.8097470238095238 0.044140625 0.05297619047619051
cl1x8qbrj001r3f6bqrp39tej 0 0.7915457589285715 0.8574776785714284 0.04670758928571432 0.06153273809523808
cl1x8qhfm001w3f6bqonobao6 0 0.7405756578947369 0.9630043859649123 0.043848684210526304 0.06982456140350876
cl1x8qm6k00203f6bhtj7t6h9 0 0.9241629464285713 0.8720982142857142 0.053125 0.06666666666666667
cl1x8y8wp00243f6bczckj7d5 0 0.6713541666666667 0.9833333333333333 0.0359375 0.03333333333333333
cl1x9r870002n3f6bpj1mow54 0 0.9450520833333332 0.030034722222222223 0.03645833333333339 0.042708333333333334
