cl1x8p06c00153f6b05wzxejg 0 0.7620063266871167 0.19828732106339467 0.0359375 0.04583333333333333
cl1x8p7bu00193f6b9qrfgs1t 0 0.2953703703703704 0.5728009259259259 0.046875 0.06458333333333334
cl1x8pz2c001e3f6baljsd3f1 0 0.8348958333333334 0.7212577160493827 0.045486111111111074 0.0556327160493827
cl1x8q3k9001i3f6bqul43214 0 0.713136574074074 0.746141975308642 0.040625 0.06666666666666667
cl1x8q730001m3f6b3ehrw3ir 0 0.9411458333333333 0.8770833333333333 0.034375 0.058333333333333334
cl1x8qbrj001r3f6bqrp39tej 0 0.7912798713235294 0.8567861519607843 0.04505974264705888 0.05940563725490193
cl1x8qhfm001w3f6bqonobao6 0 0.7445230263157894 0.9643201754385965 0.03595394736842108 0.06719298245614039
cl1x8qm6k00203f6bhtj7t6h9 0 0.9546875 0.8451388888888889 0.042708333333333216 0.05
cl1x8y8wp00243f6bczckj7d5 0 0.7425426136363636 0.9485795454545455 0.0453125 0.05625
cl1x8zxp700293f6bs2hoa2iz 0 0.734375 0.984375 0.0375 0.03125
cl1x9r870002n3f6bpj1mow54 0 0.9451884920634921 0.02741402116402116 0.03725198412698418 0.045171957671957676
