cl1x8p06c00153f6b05wzxejg 0 0.7606930598159509 0.20135161042944785 0.0359375 0.04583333333333333
cl1x8p7bu00193f6b9qrfgs1t 0 0.3471875 0.46995833333333337 0.046875 0.06458333333333334
cl1x8pz2c001e3f6baljsd3f1 0 0.976171875 0.7557291666666667 0.03046875 0.036458333333333336
cl1x8q3k9001i3f6bqul43214 0 0.70234375 0.6839583333333333 0.0515625 0.06875
cl1x8q730001m3f6b3ehrw3ir 0 0.9092391304347827 0.9164402173913044 0.038111413043478135 0.039673913043478254
cl1x8qbrj001r3f6bqrp39tej 0 0.7909650735294117 0.8555269607843137 0.04443014705882344 0.056887254901960796
cl1x8qhfm001w3f6bqonobao6 0 0.7576891447368421 0.9770833333333333 0.034375 0.04583333333333333
cl1x8qm6k00203f6bhtj7t6h9 0 0.9865 0.7583333333333333 0.021750000000000113 0.058333333333333334
cl1x8y8wp00243f6bczckj7d5 0 0.9425000000000001 0.846875 0.040625 0.0462500000000001
cl1x8zxp700293f6bs2hoa2iz 0 0.7223437500000001 0.7846666666666666 0.0359375 0.058333333333333334
cl1x9r870002n3f6bpj1mow54 0 0.94375 0.03316666666666667 0.0375 0.04583333333333333
