cl1x8p06c00153f6b05wzxejg 0 0.7586704371165645 0.206071063394683 0.0359375 0.04583333333333333
cl1x8p7bu00193f6b9qrfgs1t 0 0.3683948863636364 0.2807765151515152 0.0453125 0.06875000000000003
cl1x8q3k9001i3f6bqul43214 0 0.71328125 0.6023674242424242 0.0484375 0.06458333333333334
cl1x8q730001m3f6b3ehrw3ir 0 0.8553267045454545 0.909375 0.0390625 0.03958333333333333
cl1x8qbrj001r3f6bqrp39tej 0 0.790625 0.8541666666666666 0.04375 0.05416666666666667
cl1x8qhfm001w3f6bqonobao6 0 0.753125 0.9770833333333333 0.034375 0.04583333333333333
cl1x8zxp700293f6bs2hoa2iz 0 0.6520432692307693 0.4846955128205128 0.038461538461538505 0.05625
cl1x9htyz002d3f6b4gnhli6c 0 0.98125 0.9125 0.0375 0.05625
cl1x9o3hb002i3f6bwfsaz760 0 0.9376562500000001 0.11229166666666668 0.04375 0.05833333333333335
cl1x9r870002n3f6bpj1mow54 0 0.9421159113545816 0.035416666666666666 0.03423182270916332 0.04583333333333333
