cl1x8p06c00153f6b05wzxejg 0 0.7606834739263804 0.2013739775051125 0.0359375 0.04583333333333333
cl1x8p7bu00193f6b9qrfgs1t 0 0.34750000000000003 0.46845833333333337 0.046875 0.06458333333333334
cl1x8pz2c001e3f6baljsd3f1 0 0.976846590909091 0.7557765151515151 0.03011363636363651 0.03655303030303034
cl1x8q3k9001i3f6bqul43214 0 0.70234375 0.6835416666666667 0.0515625 0.06875
cl1x8q730001m3f6b3ehrw3ir 0 0.9089673913043479 0.9170289855072463 0.037771739130434766 0.0398550724637681
cl1x8qbrj001r3f6bqrp39tej 0 0.790962775735294 0.8555177696078431 0.04442555147058815 0.056868872549019636
cl1x8qhfm001w3f6bqonobao6 0 0.7576583059210527 0.9770833333333333 0.034375 0.04583333333333333
cl1x8qm6k00203f6bhtj7t6h9 0 0.98690625 0.7583333333333333 0.021312500000000158 0.058333333333333334
cl1x8y8wp00243f6bczckj7d5 0 0.94296875 0.8453125 0.040625 0.046875
cl1x8zxp700293f6bs2hoa2iz 0 0.72203125 0.7830833333333334 0.0359375 0.058333333333333334
cl1x9r870002n3f6bpj1mow54 0 0.94375 0.033229166666666664 0.0375 0.04583333333333333
