cl1x8p06c00153f6b05wzxejg 0 0.7588525690184049 0.20564608895705522 0.0359375 0.04583333333333333
cl1x8p7bu00193f6b9qrfgs1t 0 0.3731178977272727 0.29696969696969694 0.0453125 0.06874999999999996
cl1x8q3k9001i3f6bqul43214 0 0.71328125 0.6104640151515152 0.0484375 0.06458333333333334
cl1x8q730001m3f6b3ehrw3ir 0 0.8587002840909091 0.909375 0.0390625 0.03958333333333333
cl1x8qbrj001r3f6bqrp39tej 0 0.790625 0.8541666666666666 0.04375 0.05416666666666667
cl1x8qhfm001w3f6bqonobao6 0 0.753125 0.9770833333333333 0.034375 0.04583333333333333
cl1x8zxp700293f6bs2hoa2iz 0 0.6608114919354839 0.5148185483870967 0.040473790322580604 0.057190860215053735
cl1x9htyz002d3f6b4gnhli6c 0 0.9731249999999999 0.9541666666666667 0.04375 0.0474999999999999
cl1x9o3hb002i3f6bwfsaz760 0 0.96328125 0.11729166666666666 0.03468750000000007 0.05958333333333332
cl1x9r870002n3f6bpj1mow54 0 0.9422933266932271 0.035416666666666666 0.0345866533864541 0.04583333333333333
