cl1x8p06c00153f6b05wzxejg 0 0.7613353144171779 0.1998530163599182 0.0359375 0.04583333333333333
cl1x8p7bu00193f6b9qrfgs1t 0 0.3266875 0.5130416666666666 0.046875 0.06458333333333334
cl1x8pz2c001e3f6baljsd3f1 0 0.9059062499999999 0.7504166666666666 0.0421875 0.05416666666666667
cl1x8q3k9001i3f6bqul43214 0 0.70721875 0.7137916666666667 0.0515625 0.06875
cl1x8q730001m3f6b3ehrw3ir 0 0.92753125 0.9041666666666667 0.0359375 0.05
cl1x8qbrj001r3f6bqrp39tej 0 0.7911190257352941 0.8561427696078431 0.04473805147058822 0.05811887254901957
cl1x8qhfm001w3f6bqonobao6 0 0.74921875 0.9572916666666667 0.0359375 0.06458333333333334
cl1x8qm6k00203f6bhtj7t6h9 0 0.9733428030303031 0.8028093434343435 0.0375 0.06041666666666667
cl1x8y8wp00243f6bczckj7d5 0 0.8390625 0.91875 0.040625 0.0625
cl1x8zxp700293f6bs2hoa2iz 0 0.7362847222222222 0.8875 0.03125 0.058333333333333334
cl1x9r870002n3f6bpj1mow54 0 0.9438244047619048 0.02906746031746032 0.0375 0.04583333333333333
