cl1x8p06c00153f6b05wzxejg 0 0.7608943634969325 0.2008819018404908 0.0359375 0.04583333333333333
cl1x8p7bu00193f6b9qrfgs1t 0 0.34244791666666663 0.4864583333333333 0.046875 0.06458333333333334
cl1x8pz2c001e3f6baljsd3f1 0 0.9599609375 0.7504340277777779 0.038932291666666785 0.044965277777777736
cl1x8q3k9001i3f6bqul43214 0 0.7069010416666667 0.6911458333333333 0.0515625 0.06875
cl1x8q730001m3f6b3ehrw3ir 0 0.9149456521739131 0.9040760869565218 0.0452445652173914 0.035869565217391396
cl1x8qbrj001r3f6bqrp39tej 0 0.7910133272058824 0.8557199754901961 0.04452665441176471 0.057273284313725505
cl1x8qhfm001w3f6bqonobao6 0 0.7548135080645162 0.969657258064516 0.0352318548387097 0.05611559139784947
cl1x8qm6k00203f6bhtj7t6h9 0 0.983984375 0.76875 0.0265625 0.058333333333333334
cl1x8y8wp00243f6bczckj7d5 0 0.9064797794117647 0.8661151960784313 0.03722426470588225 0.04375
cl1x8zxp700293f6bs2hoa2iz 0 0.723828125 0.8125 0.0359375 0.058333333333333334
cl1x9r870002n3f6bpj1mow54 0 0.94375 0.03185416666666666 0.0375 0.04583333333333333
