cl1x8p06c00153f6b05wzxejg 0 0.7610669095092024 0.20047929447852758 0.0359375 0.04583333333333333
cl1x8p7bu00193f6b9qrfgs1t 0 0.3390625 0.4897321428571429 0.046875 0.06458333333333334
cl1x8pz2c001e3f6baljsd3f1 0 0.9422991071428571 0.7449404761904762 0.04486607142857153 0.057738095238095255
cl1x8q3k9001i3f6bqul43214 0 0.7121651785714286 0.6971726190476191 0.0515625 0.06875
cl1x8q730001m3f6b3ehrw3ir 0 0.9197544642857143 0.8970238095238094 0.047991071428571355 0.03571428571428577
cl1x8qbrj001r3f6bqrp39tej 0 0.7910546875 0.8558854166666666 0.04460937499999993 0.057604166666666616
cl1x8qhfm001w3f6bqonobao6 0 0.751953125 0.9627604166666667 0.0359375 0.06458333333333334
cl1x8qm6k00203f6bhtj7t6h9 0 0.9852678571428571 0.7858630952380953 0.028125 0.05863095238095231
cl1x8y8wp00243f6bczckj7d5 0 0.8744419642857142 0.859077380952381 0.040401785714285765 0.06041666666666667
cl1x8zxp700293f6bs2hoa2iz 0 0.7234375 0.8351190476190475 0.035267857142857115 0.058333333333333334
cl1x9r870002n3f6bpj1mow54 0 0.94375 0.030729166666666665 0.0375 0.04583333333333333
