cl1x8p06c00153f6b05wzxejg 0 0.75859375 0.20625 0.0359375 0.04583333333333333
cl1x8p7bu00193f6b9qrfgs1t 0 0.3701171875 0.246875 0.0453125 0.06875
cl1x8q3k9001i3f6bqul43214 0 0.7088605182926829 0.5901168699186992 0.0484375 0.06458333333333334
cl1x8q730001m3f6b3ehrw3ir 0 0.8595312500000001 0.9202083333333333 0.0390625 0.03958333333333333
cl1x8qbrj001r3f6bqrp39tej 0 0.790625 0.8541666666666666 0.04375 0.05416666666666667
cl1x8qhfm001w3f6bqonobao6 0 0.753125 0.9770833333333333 0.034375 0.04583333333333333
cl1x8zxp700293f6bs2hoa2iz 0 0.62671875 0.42250000000000004 0.045937500000000055 0.06416666666666664
cl1x9htyz002d3f6b4gnhli6c 0 0.99375 0.8221726190476191 0.0125 0.06458333333333334
cl1x9o3hb002i3f6bwfsaz760 0 0.8807812500000001 0.09229166666666666 0.04375 0.05833333333333333
cl1x9r870002n3f6bpj1mow54 0 0.9417704183266931 0.035416666666666666 0.033540836653386384 0.04583333333333333
