cl1x8p06c00153f6b05wzxejg 0 0.7606643021472392 0.2014187116564417 0.0359375 0.04583333333333333
cl1x8p7bu00193f6b9qrfgs1t 0 0.348125 0.4654583333333333 0.046875 0.06458333333333334
cl1x8pz2c001e3f6baljsd3f1 0 0.9781960227272727 0.7558712121212121 0.02940340909090917 0.03674242424242422
cl1x8q3k9001i3f6bqul43214 0 0.70234375 0.6827083333333334 0.0515625 0.06875
cl1x8q730001m3f6b3ehrw3ir 0 0.9084239130434781 0.9182065217391304 0.03709239130434785 0.04021739130434779
cl1x8qbrj001r3f6bqrp39tej 0 0.7909581801470588 0.8554993872549019 0.04441636029411757 0.0568321078431372
cl1x8qhfm001w3f6bqonobao6 0 0.7575966282894737 0.9770833333333333 0.034375 0.04583333333333333
cl1x8qm6k00203f6bhtj7t6h9 0 0.98771875 0.7583333333333333 0.020437499999999886 0.058333333333333334
cl1x8y8wp00243f6bczckj7d5 0 0.9439062500000001 0.8421875 0.040625 0.04812500000000005
cl1x8zxp700293f6bs2hoa2iz 0 0.72140625 0.7799166666666667 0.0359375 0.058333333333333334
cl1x9r870002n3f6bpj1mow54 0 0.94375 0.033354166666666664 0.0375 0.04583333333333333
