cl1x8p06c00153f6b05wzxejg 0 0.7618146088957055 0.19873466257668712 0.0359375 0.04583333333333333
cl1x8p7bu00193f6b9qrfgs1t 0 0.30520833333333336 0.5635416666666667 0.046875 0.06458333333333334
cl1x8pz2c001e3f6baljsd3f1 0 0.853125 0.7309027777777779 0.04375 0.05486111111111107
cl1x8q3k9001i3f6bqul43214 0 0.7119791666666667 0.736111111111111 0.040625 0.06666666666666667
cl1x8q730001m3f6b3ehrw3ir 0 0.9296875 0.8829166666666667 0.040625 0.058333333333333334
cl1x8qbrj001r3f6bqrp39tej 0 0.7912339154411765 0.8566023284313725 0.0449678308823529 0.05903799019607838
cl1x8qhfm001w3f6bqonobao6 0 0.7457291666666667 0.9606944444444444 0.035208333333333376 0.05888888888888886
cl1x8qm6k00203f6bhtj7t6h9 0 0.9515625 0.8279166666666666 0.03687499999999986 0.05333333333333326
cl1x8y8wp00243f6bczckj7d5 0 0.76234375 0.9309027777777779 0.04697916666666666 0.06180555555555559
cl1x8zxp700293f6bs2hoa2iz 0 0.7324999999999999 0.955625 0.03562500000000002 0.041666666666666664
cl1x9r870002n3f6bpj1mow54 0 0.9450644841269842 0.02741402116402116 0.0375 0.04583333333333333
