cl1x8p06c00153f6b05wzxejg 0 0.7604917561349693 0.20182131901840492 0.0359375 0.04583333333333333
cl1x8p7bu00193f6b9qrfgs1t 0 0.35098684210526315 0.4435855263157895 0.046875 0.06458333333333334
cl1x8q3k9001i3f6bqul43214 0 0.7052220394736842 0.6727521929824561 0.0515625 0.06875
cl1x8q730001m3f6b3ehrw3ir 0 0.8970170454545455 0.9229166666666667 0.034375 0.041666666666666664
cl1x8qbrj001r3f6bqrp39tej 0 0.7909168198529412 0.8553339460784314 0.044333639705882354 0.05650122549019609
cl1x8qhfm001w3f6bqonobao6 0 0.7570415296052632 0.9770833333333333 0.034375 0.04583333333333333
cl1x8qm6k00203f6bhtj7t6h9 0 0.9935546875 0.7583333333333333 0.012890625 0.058333333333333334
cl1x8y8wp00243f6bczckj7d5 0 0.9655427631578947 0.8429824561403509 0.040625 0.04912280701754383
cl1x8zxp700293f6bs2hoa2iz 0 0.7156661184210527 0.7586622807017543 0.0359375 0.058333333333333334
cl1x9r870002n3f6bpj1mow54 0 0.94375 0.034479166666666665 0.0375 0.04583333333333333
