cl1x8p06c00153f6b05wzxejg 0 0.7624664493865031 0.19721370143149286 0.0359375 0.04583333333333333
cl1x8p7bu00193f6b9qrfgs1t 0 0.2727564102564103 0.6169604700854701 0.04302884615384617 0.045779914529914596
cl1x8pz2c001e3f6baljsd3f1 0 0.7882612179487178 0.7135416666666666 0.04687499999999991 0.05625
cl1x8q3k9001i3f6bqul43214 0 0.7102163461538462 0.770405982905983 0.032932692307692336 0.05128205128205122
cl1x8q730001m3f6b3ehrw3ir 0 0.9456330128205128 0.8144497863247864 0.04022435897435894 0.05037393162393163
cl1x8qbrj001r3f6bqrp39tej 0 0.7913901654411765 0.8572273284313726 0.04528033088235297 0.06028799019607843
cl1x8qhfm001w3f6bqonobao6 0 0.7413651315789475 0.9632675438596491 0.04226973684210522 0.06929824561403504
cl1x8qm6k00203f6bhtj7t6h9 0 0.9303285256410255 0.8683760683760684 0.05200320512820529 0.06367521367521363
cl1x8y8wp00243f6bczckj7d5 0 0.69140625 0.9821614583333333 0.0359375 0.03567708333333333
cl1x9r870002n3f6bpj1mow54 0 0.944593253968254 0.029001322751322754 0.036061507936507906 0.0419973544973545
