cl1x8p06c00153f6b05wzxejg 0 0.7620734279141105 0.19813075153374232 0.0359375 0.04583333333333333
cl1x8p7bu00193f6b9qrfgs1t 0 0.29192708333333334 0.5760416666666667 0.046875 0.06458333333333334
cl1x8pz2c001e3f6baljsd3f1 0 0.828515625 0.7178819444444445 0.04609375 0.05590277777777774
cl1x8q3k9001i3f6bqul43214 0 0.7135416666666667 0.7496527777777777 0.040625 0.06666666666666667
cl1x8q730001m3f6b3ehrw3ir 0 0.947265625 0.8716145833333333 0.03125 0.05677083333333333
cl1x8qbrj001r3f6bqrp39tej 0 0.7912959558823529 0.8568504901960784 0.04509191176470591 0.059534313725490166
cl1x8qhfm001w3f6bqonobao6 0 0.7440625 0.9641666666666667 0.03687500000000003 0.06749999999999995
cl1x8qm6k00203f6bhtj7t6h9 0 0.9546875 0.8526041666666667 0.04453125 0.05
cl1x8y8wp00243f6bczckj7d5 0 0.73328125 0.9577083333333333 0.0453125 0.05625
cl1x9r870002n3f6bpj1mow54 0 0.9451016865079364 0.027645502645502643 0.03707837301587293 0.04470899470899471
