cl1x8p06c00153f6b05wzxejg 0 0.7589484279141104 0.205422418200409 0.0359375 0.04583333333333333
cl1x8p7bu00193f6b9qrfgs1t 0 0.3756036931818182 0.30549242424242423 0.0453125 0.06875
cl1x8q3k9001i3f6bqul43214 0 0.71328125 0.6147253787878788 0.0484375 0.06458333333333334
cl1x8q730001m3f6b3ehrw3ir 0 0.8604758522727274 0.909375 0.0390625 0.03958333333333333
cl1x8qbrj001r3f6bqrp39tej 0 0.790625 0.8541666666666666 0.04375 0.05416666666666667
cl1x8qhfm001w3f6bqonobao6 0 0.753125 0.9770833333333333 0.034375 0.04583333333333333
cl1x8zxp700293f6bs2hoa2iz 0 0.666859879032258 0.530611559139785 0.0414818548387097 0.05786290322580641
cl1x9htyz002d3f6b4gnhli6c 0 0.965264423076923 0.9717948717948718 0.044711538461538504 0.04198717948717956
cl1x9o3hb002i3f6bwfsaz760 0 0.97265625 0.12864583333333332 0.0375 0.06458333333333334
cl1x9r870002n3f6bpj1mow54 0 0.9423867031872509 0.035416666666666666 0.0347734063745019 0.04583333333333333
