cl1x8p06c00153f6b05wzxejg 0 0.7614886886503067 0.19949514314928424 0.0359375 0.04583333333333333
cl1x8p7bu00193f6b9qrfgs1t 0 0.3146875 0.5277083333333333 0.046875 0.06458333333333334
cl1x8pz2c001e3f6baljsd3f1 0 0.88890625 0.74375 0.0421875 0.05416666666666667
cl1x8q3k9001i3f6bqul43214 0 0.71421875 0.723125 0.0515625 0.06875
cl1x8q730001m3f6b3ehrw3ir 0 0.93453125 0.9041666666666667 0.0359375 0.05
cl1x8qbrj001r3f6bqrp39tej 0 0.7911557904411765 0.8562898284313725 0.04481158088235286 0.05841299019607848
cl1x8qhfm001w3f6bqonobao6 0 0.74765625 0.9541666666666667 0.0359375 0.06458333333333334
cl1x8qm6k00203f6bhtj7t6h9 0 0.9604640151515152 0.8098800505050505 0.0375 0.06041666666666667
cl1x8y8wp00243f6bczckj7d5 0 0.8158482142857142 0.9266865079365079 0.04657738095238093 0.06567460317460316
cl1x8zxp700293f6bs2hoa2iz 0 0.7314236111111111 0.9041666666666667 0.03125 0.058333333333333334
cl1x9r870002n3f6bpj1mow54 0 0.9442212301587303 0.02853835978835979 0.0375 0.04583333333333333
