cl1x8p06c00153f6b05wzxejg 0 0.7625335506134969 0.1970571319018405 0.0359375 0.04583333333333333
cl1x8p7bu00193f6b9qrfgs1t 0 0.26953125 0.625 0.0421875 0.041666666666666664
cl1x8pz2c001e3f6baljsd3f1 0 0.78125 0.7135416666666666 0.046875 0.05625
cl1x8q3k9001i3f6bqul43214 0 0.709375 0.7739583333333333 0.03125 0.04791666666666667
cl1x8q730001m3f6b3ehrw3ir 0 0.94296875 0.8041666666666667 0.0421875 0.05
cl1x8qbrj001r3f6bqrp39tej 0 0.79140625 0.8572916666666667 0.0453125 0.06041666666666667
cl1x8qhfm001w3f6bqonobao6 0 0.7409046052631579 0.9631140350877193 0.043190789473684175 0.06960526315789473
cl1x8qm6k00203f6bhtj7t6h9 0 0.925 0.86875 0.053125 0.06666666666666667
cl1x8y8wp00243f6bczckj7d5 0 0.68046875 0.9833333333333333 0.0359375 0.03333333333333333
cl1x9r870002n3f6bpj1mow54 0 0.9446800595238095 0.02941468253968254 0.03608630952380949 0.04196428571428571
