cl1x8p06c00153f6b05wzxejg 0 0.75859375 0.20625 0.0359375 0.04583333333333333
cl1x8p7bu00193f6b9qrfgs1t 0 0.371044921875 0.26666666666666666 0.0453125 0.06875
cl1x8q3k9001i3f6bqul43214 0 0.7117568597560975 0.5959095528455285 0.0484375 0.06458333333333334
cl1x8q730001m3f6b3ehrw3ir 0 0.8569110576923077 0.9141826923076923 0.0390625 0.03958333333333333
cl1x8qbrj001r3f6bqrp39tej 0 0.790625 0.8541666666666666 0.04375 0.05416666666666667
cl1x8qhfm001w3f6bqonobao6 0 0.753125 0.9770833333333333 0.034375 0.04583333333333333
cl1x8zxp700293f6bs2hoa2iz 0 0.6457720588235294 0.44969362745098046 0.038051470588235325 0.056740196078431344
cl1x9htyz002d3f6b4gnhli6c 0 0.99140625 0.8694128787878788 0.0171875 0.06458333333333334
cl1x9o3hb002i3f6bwfsaz760 0 0.9105113636363636 0.10587121212121212 0.04375 0.05833333333333332
cl1x9r870002n3f6bpj1mow54 0 0.9419478336653387 0.035416666666666666 0.03389566733067735 0.04583333333333333
