cl1x8p06c00153f6b05wzxejg 0 0.7618433665644171 0.19866756134969327 0.0359375 0.04583333333333333
cl1x8p7bu00193f6b9qrfgs1t 0 0.3037326388888889 0.5649305555555556 0.046875 0.0645833333333334
cl1x8pz2c001e3f6baljsd3f1 0 0.850390625 0.7294560185185186 0.04401041666666679 0.054976851851851784
cl1x8q3k9001i3f6bqul43214 0 0.7121527777777777 0.7376157407407408 0.040625 0.06666666666666667
cl1x8q730001m3f6b3ehrw3ir 0 0.93125 0.8825000000000001 0.040625 0.058333333333333334
cl1x8qbrj001r3f6bqrp39tej 0 0.7912408088235294 0.8566299019607844 0.04498161764705877 0.05909313725490198
cl1x8qhfm001w3f6bqonobao6 0 0.7455729166666666 0.9621527777777779 0.034895833333333307 0.06180555555555559
cl1x8qm6k00203f6bhtj7t6h9 0 0.95234375 0.8308333333333332 0.03781250000000007 0.05249999999999998
cl1x8y8wp00243f6bczckj7d5 0 0.75859375 0.9298611111111111 0.046354166666666606 0.05972222222222226
cl1x8zxp700293f6bs2hoa2iz 0 0.734375 0.9625 0.0375 0.041666666666666664
cl1x9r870002n3f6bpj1mow54 0 0.945138888888889 0.027314814814814813 0.0375 0.04583333333333333
