cl1x8p06c00153f6b05wzxejg 0 0.7621309432515337 0.19799654907975459 0.0359375 0.04583333333333333
cl1x8p7bu00193f6b9qrfgs1t 0 0.2889756944444445 0.5788194444444444 0.046875 0.06458333333333334
cl1x8pz2c001e3f6baljsd3f1 0 0.823046875 0.7149884259259259 0.046614583333333307 0.056134259259259287
cl1x8q3k9001i3f6bqul43214 0 0.7138888888888889 0.752662037037037 0.040625 0.06666666666666667
cl1x8q730001m3f6b3ehrw3ir 0 0.954296875 0.86484375 0.03125 0.05364583333333333
cl1x8qbrj001r3f6bqrp39tej 0 0.7913097426470588 0.856905637254902 0.04511948529411765 0.05964460784313725
cl1x8qhfm001w3f6bqonobao6 0 0.7436677631578947 0.9640350877192981 0.03766447368421053 0.06776315789473687
cl1x8qm6k00203f6bhtj7t6h9 0 0.9546875 0.8619791666666666 0.04609375 0.05
cl1x8y8wp00243f6bczckj7d5 0 0.7207589285714286 0.9645833333333333 0.047321428571428556 0.05892857142857153
cl1x9r870002n3f6bpj1mow54 0 0.9450272817460317 0.027843915343915344 0.036929563492063444 0.04431216931216931
