cl1x8p06c00153f6b05wzxejg 0 0.7612969708588957 0.1999424846625767 0.0359375 0.04583333333333333
cl1x8p7bu00193f6b9qrfgs1t 0 0.3296875 0.509375 0.046875 0.06458333333333334
cl1x8pz2c001e3f6baljsd3f1 0 0.91015625 0.7520833333333333 0.0421875 0.05416666666666667
cl1x8q3k9001i3f6bqul43214 0 0.70546875 0.7114583333333333 0.0515625 0.06875
cl1x8q730001m3f6b3ehrw3ir 0 0.92578125 0.9041666666666667 0.0359375 0.05
cl1x8qbrj001r3f6bqrp39tej 0 0.7911098345588236 0.8561060049019608 0.04471966911764706 0.05804534313725493
cl1x8qhfm001w3f6bqonobao6 0 0.749609375 0.9580729166666667 0.0359375 0.06458333333333334
cl1x8qm6k00203f6bhtj7t6h9 0 0.9765625 0.8010416666666667 0.0375 0.06041666666666667
cl1x8y8wp00243f6bczckj7d5 0 0.83359375 0.8947916666666667 0.0390625 0.06041666666666667
cl1x8zxp700293f6bs2hoa2iz 0 0.7375 0.8833333333333333 0.03125 0.058333333333333334
cl1x9r870002n3f6bpj1mow54 0 0.94375 0.02922916666666667 0.0375 0.04583333333333333
