cl1x8p06c00153f6b05wzxejg 0 0.7611531825153375 0.20027799079754602 0.0359375 0.04583333333333333
cl1x8p7bu00193f6b9qrfgs1t 0 0.335546875 0.49709821428571427 0.046875 0.06458333333333334
cl1x8pz2c001e3f6baljsd3f1 0 0.9302455357142858 0.7476190476190477 0.04386160714285712 0.05639880952380961
cl1x8q3k9001i3f6bqul43214 0 0.7096540178571429 0.7025297619047619 0.0515625 0.06875
cl1x8q730001m3f6b3ehrw3ir 0 0.9220145089285715 0.899702380952381 0.04347098214285712 0.041071428571428585
cl1x8qbrj001r3f6bqrp39tej 0 0.7910753676470589 0.855968137254902 0.04465073529411771 0.0577696078431373
cl1x8qhfm001w3f6bqonobao6 0 0.75107421875 0.9610026041666667 0.0359375 0.06458333333333334
cl1x8qm6k00203f6bhtj7t6h9 0 0.9820033482142858 0.7915550595238094 0.031640625 0.059300595238095256
cl1x8y8wp00243f6bczckj7d5 0 0.8591238839285715 0.872470238095238 0.039899553571428645 0.06041666666666667
cl1x8zxp700293f6bs2hoa2iz 0 0.7287109375 0.8531994047619047 0.03376116071428577 0.058333333333333334
cl1x9r870002n3f6bpj1mow54 0 0.94375 0.030166666666666668 0.0375 0.04583333333333333
