cl1x8p06c00153f6b05wzxejg 0 0.760625958588957 0.2015081799591002 0.0359375 0.04583333333333333
cl1x8p7bu00193f6b9qrfgs1t 0 0.349375 0.4594583333333333 0.046875 0.06458333333333334
cl1x8pz2c001e3f6baljsd3f1 0 0.9808948863636363 0.756060606060606 0.0279829545454545 0.03712121212121211
cl1x8q3k9001i3f6bqul43214 0 0.70234375 0.6810416666666667 0.0515625 0.06875
cl1x8q730001m3f6b3ehrw3ir 0 0.9073369565217391 0.9205615942028985 0.03573369565217401 0.040942028985507285
cl1x8qbrj001r3f6bqrp39tej 0 0.7909489889705882 0.8554626225490196 0.04439797794117641 0.05675857843137256
cl1x8qhfm001w3f6bqonobao6 0 0.7574732730263157 0.9770833333333333 0.034375 0.04583333333333333
cl1x8qm6k00203f6bhtj7t6h9 0 0.9893437500000001 0.7583333333333333 0.018687499999999878 0.058333333333333334
cl1x8y8wp00243f6bczckj7d5 0 0.946875 0.8362499999999999 0.040625 0.049166666666666595
cl1x8zxp700293f6bs2hoa2iz 0 0.7201562499999999 0.7735833333333333 0.0359375 0.058333333333333334
cl1x9r870002n3f6bpj1mow54 0 0.94375 0.033604166666666664 0.0375 0.04583333333333333
