cl1x8p06c00153f6b05wzxejg 0 0.7619392254601227 0.19844389059304704 0.0359375 0.04583333333333333
cl1x8p7bu00193f6b9qrfgs1t 0 0.2988136574074074 0.5695601851851853 0.046875 0.06458333333333334
cl1x8pz2c001e3f6baljsd3f1 0 0.8412760416666668 0.7246334876543209 0.04487847222222232 0.05536265432098766
cl1x8q3k9001i3f6bqul43214 0 0.7127314814814815 0.7426311728395062 0.040625 0.06666666666666667
cl1x8q730001m3f6b3ehrw3ir 0 0.9365885416666666 0.8807291666666667 0.03984375 0.058333333333333334
cl1x8qbrj001r3f6bqrp39tej 0 0.7912637867647059 0.8567218137254903 0.04502757352941185 0.059276960784313694
cl1x8qhfm001w3f6bqonobao6 0 0.7449835526315789 0.9644736842105263 0.035032894736842124 0.0668859649122807
cl1x8qm6k00203f6bhtj7t6h9 0 0.9546875 0.8402777777777778 0.040885416666666785 0.05
cl1x8y8wp00243f6bczckj7d5 0 0.7484375 0.9385416666666667 0.0453125 0.05625
cl1x8zxp700293f6bs2hoa2iz 0 0.734375 0.9807291666666667 0.0375 0.03854166666666667
cl1x9r870002n3f6bpj1mow54 0 0.9452752976190476 0.027182539682539683 0.03742559523809526 0.04563492063492063
