cl1x8p06c00153f6b05wzxejg 0 0.7587471242331288 0.20589212678936605 0.0359375 0.04583333333333333
cl1x8p7bu00193f6b9qrfgs1t 0 0.3703835227272727 0.2875946969696969 0.0453125 0.06874999999999996
cl1x8q3k9001i3f6bqul43214 0 0.71328125 0.6057765151515151 0.0484375 0.06458333333333334
cl1x8q730001m3f6b3ehrw3ir 0 0.8567471590909091 0.909375 0.0390625 0.03958333333333333
cl1x8qbrj001r3f6bqrp39tej 0 0.790625 0.8541666666666666 0.04375 0.05416666666666667
cl1x8qhfm001w3f6bqonobao6 0 0.753125 0.9770833333333333 0.034375 0.04583333333333333
cl1x8zxp700293f6bs2hoa2iz 0 0.6541582661290322 0.4974462365591397 0.0393649193548387 0.0564516129032258
cl1x9htyz002d3f6b4gnhli6c 0 0.97421875 0.93046875 0.04375 0.05416666666666667
cl1x9o3hb002i3f6bwfsaz760 0 0.94697265625 0.10325520833333333 0.0423828125 0.05807291666666667
cl1x9r870002n3f6bpj1mow54 0 0.9421906125498009 0.035416666666666666 0.03438122509960166 0.04583333333333333
