cl1x8p06c00153f6b05wzxejg 0 0.761910467791411 0.1985109918200409 0.0359375 0.04583333333333333
cl1x8p7bu00193f6b9qrfgs1t 0 0.30028935185185185 0.5681712962962963 0.046875 0.06458333333333334
cl1x8pz2c001e3f6baljsd3f1 0 0.8440104166666668 0.7260802469135802 0.044618055555555536 0.05524691358024694
cl1x8q3k9001i3f6bqul43214 0 0.7125578703703703 0.7411265432098766 0.040625 0.06666666666666667
cl1x8q730001m3f6b3ehrw3ir 0 0.9348958333333334 0.8815277777777778 0.040625 0.058333333333333334
cl1x8qbrj001r3f6bqrp39tej 0 0.7912568933823529 0.8566942401960785 0.0450137867647058 0.059221813725490215
cl1x8qhfm001w3f6bqonobao6 0 0.7451809210526316 0.9645394736842104 0.03463815789473683 0.0667543859649123
cl1x8qm6k00203f6bhtj7t6h9 0 0.9541666666666668 0.8376388888888889 0.040000000000000036 0.05055555555555553
cl1x8y8wp00243f6bczckj7d5 0 0.75078125 0.9322916666666666 0.0453125 0.05625
cl1x8zxp700293f6bs2hoa2iz 0 0.734375 0.9791666666666666 0.0375 0.041666666666666664
cl1x9r870002n3f6bpj1mow54 0 0.9453125 0.027083333333333334 0.0375 0.04583333333333333
