cl1x8p06c00153f6b05wzxejg 0 0.7587567101226994 0.20586975971370144 0.0359375 0.04583333333333333
cl1x8p7bu00193f6b9qrfgs1t 0 0.3706321022727273 0.2884469696969697 0.0453125 0.06875000000000003
cl1x8q3k9001i3f6bqul43214 0 0.71328125 0.6062026515151515 0.0484375 0.06458333333333334
cl1x8q730001m3f6b3ehrw3ir 0 0.8569247159090908 0.909375 0.0390625 0.03958333333333333
cl1x8qbrj001r3f6bqrp39tej 0 0.790625 0.8541666666666666 0.04375 0.05416666666666667
cl1x8qhfm001w3f6bqonobao6 0 0.753125 0.9770833333333333 0.034375 0.04583333333333333
cl1x8zxp700293f6bs2hoa2iz 0 0.6547631048387097 0.4990255376344086 0.0394657258064516 0.05651881720430107
cl1x9htyz002d3f6b4gnhli6c 0 0.9734375 0.9328125 0.04375 0.05416666666666667
cl1x9o3hb002i3f6bwfsaz760 0 0.9486328125 0.10442708333333334 0.041015625 0.0578125
cl1x9r870002n3f6bpj1mow54 0 0.9421999501992031 0.035416666666666666 0.034399900398406305 0.04583333333333333
