cl1x8p06c00153f6b05wzxejg 0 0.75859375 0.20625 0.0359375 0.04583333333333333
cl1x8p7bu00193f6b9qrfgs1t 0 0.370654296875 0.25833333333333336 0.0453125 0.06875
cl1x8q3k9001i3f6bqul43214 0 0.7105373475609756 0.5934705284552846 0.0484375 0.06458333333333334
cl1x8q730001m3f6b3ehrw3ir 0 0.8593149038461538 0.9180288461538461 0.0390625 0.03958333333333333
cl1x8qbrj001r3f6bqrp39tej 0 0.790625 0.8541666666666666 0.04375 0.05416666666666667
cl1x8qhfm001w3f6bqonobao6 0 0.753125 0.9770833333333333 0.034375 0.04583333333333333
cl1x8zxp700293f6bs2hoa2iz 0 0.6369485294117647 0.4389093137254902 0.04246323529411766 0.060661764705882366
cl1x9htyz002d3f6b4gnhli6c 0 0.99140625 0.8497159090909091 0.0171875 0.06458333333333334
cl1x9o3hb002i3f6bwfsaz760 0 0.8998263888888889 0.09791666666666667 0.04375 0.058333333333333334
cl1x9r870002n3f6bpj1mow54 0 0.9418731324701195 0.035416666666666666 0.033746264940239 0.04583333333333333
