cl1x8p06c00153f6b05wzxejg 0 0.75859375 0.20625 0.0359375 0.04583333333333333
cl1x8p7bu00193f6b9qrfgs1t 0 0.36796875 0.271875 0.0453125 0.06875
cl1x8q3k9001i3f6bqul43214 0 0.7128239329268292 0.5980436991869919 0.0484375 0.06458333333333334
cl1x8q730001m3f6b3ehrw3ir 0 0.8548076923076924 0.9108173076923076 0.0390625 0.03958333333333333
cl1x8qbrj001r3f6bqrp39tej 0 0.790625 0.8541666666666666 0.04375 0.05416666666666667
cl1x8qhfm001w3f6bqonobao6 0 0.753125 0.9770833333333333 0.034375 0.04583333333333333
cl1x8zxp700293f6bs2hoa2iz 0 0.65 0.4649305555555555 0.0375 0.05625
cl1x9htyz002d3f6b4gnhli6c 0 0.9853794642857142 0.8852678571428572 0.029241071428571352 0.05922619047619051
cl1x9o3hb002i3f6bwfsaz760 0 0.9207386363636363 0.11212121212121211 0.04375 0.05833333333333332
cl1x9r870002n3f6bpj1mow54 0 0.9420131972111554 0.035416666666666666 0.0340263944223107 0.04583333333333333
