cl1x8p06c00153f6b05wzxejg 0 0.7618817101226993 0.19857809304703478 0.0359375 0.04583333333333333
cl1x8p7bu00193f6b9qrfgs1t 0 0.3017650462962963 0.5667824074074074 0.046875 0.06458333333333334
cl1x8pz2c001e3f6baljsd3f1 0 0.8467447916666666 0.7275270061728395 0.044357638888888926 0.05513117283950623
cl1x8q3k9001i3f6bqul43214 0 0.7123842592592593 0.739621913580247 0.040625 0.06666666666666667
cl1x8q730001m3f6b3ehrw3ir 0 0.9333333333333333 0.8819444444444444 0.040625 0.058333333333333334
cl1x8qbrj001r3f6bqrp39tej 0 0.79125 0.8566666666666667 0.04499999999999993 0.05916666666666662
cl1x8qhfm001w3f6bqonobao6 0 0.7453645833333333 0.9640972222222222 0.03447916666666666 0.0656944444444445
cl1x8qm6k00203f6bhtj7t6h9 0 0.9533854166666667 0.8347222222222221 0.0390625 0.05138888888888893
cl1x8y8wp00243f6bczckj7d5 0 0.7535937500000001 0.9284722222222221 0.04552083333333332 0.0569444444444444
cl1x8zxp700293f6bs2hoa2iz 0 0.734375 0.9720238095238095 0.0375 0.041666666666666664
cl1x9r870002n3f6bpj1mow54 0 0.9452380952380952 0.027182539682539683 0.0375 0.04583333333333333
