cl1x8p06c00153f6b05wzxejg 0 0.7614503450920245 0.19958461145194273 0.0359375 0.04583333333333333
cl1x8p7bu00193f6b9qrfgs1t 0 0.3176875 0.5240416666666667 0.046875 0.0645833333333334
cl1x8pz2c001e3f6baljsd3f1 0 0.89315625 0.7454166666666667 0.0421875 0.05416666666666667
cl1x8q3k9001i3f6bqul43214 0 0.71246875 0.7207916666666667 0.0515625 0.06875
cl1x8q730001m3f6b3ehrw3ir 0 0.93278125 0.9041666666666667 0.0359375 0.05
cl1x8qbrj001r3f6bqrp39tej 0 0.7911465992647059 0.8562530637254901 0.0447931985294117 0.05833946078431372
cl1x8qhfm001w3f6bqonobao6 0 0.748046875 0.9549479166666667 0.0359375 0.06458333333333334
cl1x8qm6k00203f6bhtj7t6h9 0 0.9636837121212121 0.8081123737373737 0.0375 0.06041666666666667
cl1x8y8wp00243f6bczckj7d5 0 0.8216517857142858 0.924702380952381 0.04508928571428576 0.06488095238095243
cl1x8zxp700293f6bs2hoa2iz 0 0.732638888888889 0.9 0.03125 0.058333333333333334
cl1x9r870002n3f6bpj1mow54 0 0.9441220238095237 0.028670634920634923 0.0375 0.04583333333333333
