cl1x8p06c00153f6b05wzxejg 0 0.7616804064417177 0.19904780163599184 0.0359375 0.04583333333333333
cl1x8p7bu00193f6b9qrfgs1t 0 0.3120949074074074 0.5570601851851852 0.046875 0.0645833333333334
cl1x8pz2c001e3f6baljsd3f1 0 0.8658854166666667 0.7376543209876542 0.04253472222222232 0.054320987654320994
cl1x8q3k9001i3f6bqul43214 0 0.7111689814814814 0.7290895061728395 0.040625 0.06666666666666667
cl1x8q730001m3f6b3ehrw3ir 0 0.93984375 0.8791666666666667 0.0359375 0.05
cl1x8qbrj001r3f6bqrp39tej 0 0.7912017463235295 0.8564736519607844 0.04490349264705884 0.05878063725490191
cl1x8qhfm001w3f6bqonobao6 0 0.74609375 0.953314393939394 0.0359375 0.06003787878787878
cl1x8qm6k00203f6bhtj7t6h9 0 0.9503038194444444 0.8192708333333333 0.03689236111111107 0.05798611111111119
cl1x8y8wp00243f6bczckj7d5 0 0.78203125 0.9320075757575758 0.0484375 0.06666666666666667
cl1x8zxp700293f6bs2hoa2iz 0 0.7276041666666667 0.9319444444444444 0.03125 0.058333333333333334
cl1x9r870002n3f6bpj1mow54 0 0.9447172619047619 0.027876984126984125 0.0375 0.04583333333333333
