ckz3vswg1000j3867btyryxok 0 0.16256868131868132 0.37630494505494505 0.028125 0.041666666666666664
cl3k5uog2000f3r6cn0nwlpn8 0 0.5438311133879782 0.18612818761384334 0.0390625 0.04375
cl3k5ur8t000j3r6cj4lah4gn 0 0.5685369318181819 0.12073863636363637 0.0328125 0.035416666666666666
cl3k5uu70000n3r6ciahwog5w 0 0.025 0.375 0.03125 0.041666666666666664
cl3k5uzg8000r3r6crgufjvav 0 0.26103805693069304 0.533147689768977 0.0328125 0.033333333333333395
cl3k5v4uo000v3r6c0xdq1osy 0 0.7527577973887813 0.5333333333333333 0.0328125 0.04583333333333333
cl3k5vfqr000y3r6cttf33lc6 0 0.487109375 0.9640625 0.03125 0.04375
cl3k5w07t00163r6ctvw492wy 0 0.2469983552631579 0.5881030701754386 0.0390625 0.052083333333333336
cl3k5wa0n001a3r6c0kq0w4yz 0 0.6072544642857143 0.9444940476190475 0.0359375 0.04375
cl3k5weaf001e3r6cyh227f96 0 0.2828125 0.8354166666666667 0.040625 0.041666666666666664
cl3k5wqs3001m3r6c3lucysq8 0 0.1671875 0.08125 0.0375 0.05
cl3k5x72s001u3r6cm35rzvar 0 0.9651836832061068 0.47122296437659034 0.053125 0.06041666666666667
cl3k5xb7w001y3r6c1m8pmo4u 0 0.9503415991902834 0.7226172402159244 0.05625 0.06458333333333334
cl3k6chq900223r6cmikyp2xr 0 0.12063802083333335 0.5808159722222223 0.04531250000000001 0.058333333333333334
cl3k6ht0a00263r6c4r3z8fg8 0 0.5367897727272728 0.7064204545454545 0.028125 0.03958333333333333
cl3k6ulfk002a3r6c3z49j1qz 0 0.5728674892703862 0.8984799713876968 0.025 0.03333333333333333
cl3k7zxw3002m3r6cal6sldn0 0 0.13333333333333333 0.7678819444444444 0.0375 0.04583333333333333
cl4zd2zw500033y6ft4w1u5u6 0 0.10369140624999999 0.3525520833333333 0.0375 0.04375
