cl4usaxoi001q356pdh79ca33 0 0.16328125 0.48541666666666666 0.0328125 0.041666666666666664
cl4usazue001u356pderw22y6 0 0.034765625 0.4583333333333333 0.0296875 0.03958333333333333
cl4usb282001y356py28e83k8 0 0.3542410714285714 0.6113095238095239 0.034375 0.04583333333333333
cl4usb4wg0022356ps8a9025m 0 0.6060267857142857 0.22604166666666667 0.040625 0.04791666666666667
cl4usbi3i002l356p8slezp38 0 0.8817555147058824 0.5319240196078431 0.0328125 0.04375
cl4usbk4d002p356pvaqhzex9 0 0.31298828125 0.515234375 0.034375 0.04583333333333333
cl4usblrm002t356p6kxea2n0 0 0.5052083333333333 0.24097222222222223 0.034375 0.05
cl4usbn80002x356pbrt4wcrm 0 0.6509292507763975 0.5611768892339544 0.0265625 0.05
cl4usboop0031356pqrsxb2f6 0 0.2791903409090909 0.14554924242424241 0.0609375 0.06875
cl4usbskl0039356p9exjtlyn 0 0.56640625 0.24812499999999998 0.0421875 0.052083333333333336
cl4usbywn003m356pzuko8bto 0 0.33203125 0.8883169934640522 0.0359375 0.05
cl4uscb2f004e356pze7aeb88 0 0.803125 0.5419871794871794 0.034375 0.04999999999999994
cl4w6e4s1000b356pojtp6w4u 0 0.32712053571428573 0.5026785714285714 0.0359375 0.04583333333333333
cl4w7c4c2000n356p72nbbpg2 0 0.45491071428571433 0.7950892857142857 0.0375 0.04791666666666667
cl4wd9i8e000f356pe590i8ut 0 0.35357142857142854 0.6870535714285714 0.034375 0.04375
cl4we1r3j0018356pbsxv13je 0 0.7074776785714285 0.5980654761904761 0.0390625 0.04791666666666667
cl4wf5h0u004r356hwjzzj19a 0 0.56015625 0.5770833333333333 0.0328125 0.041666666666666664
cl4x04d1f0003356p1ugtmarb 0 0.4178125 0.3752083333333333 0.03125 0.03958333333333333
cl4x16mfg000r356povntvh44 0 0.17433035714285713 0.8561011904761905 0.0296875 0.04791666666666667
cl4x1bqe30013356pdqq72yqe 0 0.4515625 0.946875 0.03125 0.04791666666666667
