0 0.16812968164794007 0.38000936329588014 0.028125 0.041666666666666664
0 0.53359375 0.17997468847352024 0.0390625 0.04375
0 0.5291015625 0.14479166666666668 0.0328125 0.035416666666666666
0 0.025 0.375 0.03125 0.041666666666666664
0 0.25078125 0.54375 0.0328125 0.03333333333333333
0 0.7511439192456479 0.5333333333333333 0.0328125 0.04583333333333333
0 0.44132543103448274 0.9649066091954023 0.03125 0.04375
0 0.48984375 0.628125 0.0390625 0.052083333333333336
0 0.5127604166666667 0.903587962962963 0.0359375 0.04375
0 0.2828125 0.8354166666666667 0.040625 0.041666666666666664
0 0.978600543478261 0.41625905797101453 0.04279891304347831 0.06041666666666667
0 0.9440179869186046 0.7245336724806202 0.05625 0.06458333333333334
0 0.33125 0.6239583333333333 0.028125 0.03958333333333333
0 0.575 0.9037627551020407 0.025 0.03333333333333333
0 0.9047743055555555 0.024189814814814813 0.0296875 0.035416666666666666
0 0.08311215753424657 0.3137699771689498 0.03749999999999999 0.04375
