0 0.16343749999999999 0.36208333333333337 0.028125 0.041666666666666664
0 0.06328125 0.19166666666666668 0.03125 0.0375
0 0.5478213922764228 0.18796578590785906 0.0390625 0.04375
0 0.558203125 0.14375 0.0328125 0.035416666666666666
0 0.025 0.375 0.03125 0.041666666666666664
0 0.2579971590909091 0.5238068181818182 0.0328125 0.03333333333333333
0 0.7538548718568665 0.5333333333333333 0.0328125 0.04583333333333333
0 0.5148168103448276 0.9054956896551724 0.03125 0.04375
0 0.14921875 0.6927083333333334 0.0390625 0.052083333333333336
0 0.6170758928571429 0.9081845238095239 0.0359375 0.04375
0 0.2828125 0.8354166666666667 0.040625 0.041666666666666664
0 0.10625 0.203125 0.0375 0.05
0 0.9716463414634147 0.47751524390243905 0.053125 0.06041666666666667
0 0.9549448529411766 0.7194485294117646 0.04897058823529417 0.0564950980392157
0 0.50859375 0.5166666666666667 0.0453125 0.058333333333333334
0 0.6409722222222223 0.8730324074074074 0.028125 0.03958333333333333
0 0.5728541666666667 0.8953981481481481 0.025 0.03333333333333333
0 0.1060546875 0.35885416666666664 0.0375 0.04375
