0 0.16815894194756553 0.3800678838951311 0.028125 0.041666666666666664
0 0.5338020833333333 0.18020833333333333 0.0390625 0.04375
0 0.53046875 0.14618055555555556 0.0328125 0.03541666666666668
0 0.025 0.375 0.03125 0.041666666666666664
0 0.2512408088235294 0.5435457516339869 0.0328125 0.03333333333333328
0 0.751189252901354 0.5333333333333333 0.0328125 0.04583333333333333
0 0.44105603448275865 0.9659841954022989 0.03125 0.04375
0 0.48249080882352946 0.628125 0.0390625 0.052083333333333336
0 0.5140625 0.896875 0.0359375 0.04375
0 0.2828125 0.8354166666666667 0.040625 0.041666666666666664
0 0.9772418478260869 0.414447463768116 0.045516304347826164 0.06041666666666667
0 0.944358648255814 0.7243822674418605 0.05625 0.06458333333333334
0 0.33645833333333336 0.6285879629629629 0.028125 0.03958333333333333
0 0.575 0.9038690476190475 0.025 0.03333333333333333
0 0.9108506944444444 0.019560185185185187 0.0296875 0.035416666666666666
0 0.083861301369863 0.3143407534246575 0.03749999999999999 0.04375
