0 0.1682993913857678 0.38034878277153555 0.028125 0.041666666666666664
0 0.5363020833333334 0.18020833333333333 0.0390625 0.04375
0 0.5341145833333333 0.17465277777777777 0.0328125 0.035416666666666666
0 0.025 0.375 0.03125 0.041666666666666664
0 0.2534466911764706 0.5425653594771241 0.0328125 0.03333333333333333
0 0.7514068544487428 0.5333333333333333 0.0328125 0.04583333333333333
0 0.4421875 0.965625 0.03125 0.04375
0 0.45122767857142854 0.621875 0.0390625 0.052083333333333336
0 0.5127604166666667 0.908449074074074 0.0359375 0.04375
0 0.2828125 0.8354166666666667 0.040625 0.041666666666666664
0 0.96875 0.415625 0.053125 0.06041666666666667
0 0.9456287955465588 0.723873987854251 0.05625 0.06458333333333334
0 0.36517857142857146 0.6436011904761905 0.028125 0.03958333333333333
0 0.5748658798283262 0.9038090128755365 0.025 0.03333333333333333
0 0.93515625 0.017708333333333333 0.0296875 0.035416666666666666
0 0.08745719178082192 0.3170804794520548 0.0375 0.04375
