0 0.16933772935779817 0.3492163608562691 0.028125 0.041666666666666664
0 0.11750000000000001 0.16791666666666666 0.03125 0.0375
0 0.5500063516260163 0.18723746612466124 0.0390625 0.04375
0 0.5315104166666667 0.10451388888888888 0.036979166666666695 0.04375
0 0.025 0.375 0.03125 0.041666666666666664
0 0.2567755681818182 0.5213636363636364 0.0328125 0.03333333333333333
0 0.7546346107350097 0.5333333333333333 0.0328125 0.04583333333333333
0 0.54140625 0.8645833333333334 0.0265625 0.041666666666666664
0 0.1021421370967742 0.7873319892473118 0.039062500000000014 0.052083333333333336
0 0.63171875 0.9289583333333333 0.0359375 0.04375
0 0.2828125 0.8354166666666667 0.040625 0.041666666666666664
0 0.0875 0.35 0.0375 0.05
0 0.9734375 0.49371744791666666 0.053125 0.06041666666666667
0 0.959077380952381 0.7145006613756614 0.0375 0.04375
0 0.7924479166666666 0.5878472222222222 0.051562499999999914 0.05486111111111107
0 0.5746458333333333 0.8946018518518518 0.025 0.03333333333333333
0 0.09151785714285714 0.313031462585034 0.0375 0.04375
