0 0.1673630617977528 0.3784761235955056 0.028125 0.041666666666666664
0 0.5320503048780487 0.1746189024390244 0.0390625 0.04375
0 0.5608333333333333 0.14125 0.0328125 0.035416666666666666
0 0.025 0.375 0.03125 0.041666666666666664
0 0.26889960106382976 0.5722074468085107 0.0328125 0.03333333333333333
0 0.7485001671122995 0.5343471479500892 0.0328125 0.04583333333333333
0 0.44253472222222223 0.9572916666666667 0.03125 0.04375
0 0.6420654296875 0.6443684895833334 0.0390625 0.052083333333333336
0 0.4805844907407407 0.978125 0.0359375 0.04375
0 0.2828125 0.8354166666666667 0.040625 0.041666666666666664
0 0.9735758763837639 0.3915167589175892 0.0375 0.06041666666666667
0 0.9350926598837208 0.728500484496124 0.05625 0.06458333333333334
0 0.176171875 0.48802083333333335 0.028125 0.03958333333333333
0 0.5748220153340635 0.9017273640014605 0.025 0.03333333333333333
0 0.78328125 0.05270833333333333 0.0296875 0.03541666666666666
0 0.9360937500000001 0.10250000000000001 0.0265625 0.03333333333333333
0 0.08052942961165048 0.3152811488673139 0.0375 0.04375
