0 0.16814723782771535 0.3800444756554307 0.028125 0.041666666666666664
0 0.53359375 0.18020833333333333 0.0390625 0.04375
0 0.52734375 0.14479166666666668 0.0328125 0.035416666666666666
0 0.025 0.375 0.03125 0.041666666666666664
0 0.2510569852941177 0.5436274509803921 0.0328125 0.03333333333333333
0 0.7511711194390716 0.5333333333333333 0.0328125 0.04583333333333333
0 0.44116379310344833 0.9655531609195402 0.03125 0.04375
0 0.4854319852941177 0.628125 0.0390625 0.052083333333333336
0 0.5166666666666667 0.9010416666666666 0.0359375 0.04375
0 0.2828125 0.8354166666666667 0.040625 0.041666666666666664
0 0.9777853260869567 0.4151721014492754 0.044429347826086915 0.06041666666666667
0 0.9442223837209303 0.7244428294573644 0.05625 0.06458333333333334
0 0.334375 0.626736111111111 0.028125 0.03958333333333333
0 0.575 0.9038265306122448 0.025 0.03333333333333333
0 0.908420138888889 0.02141203703703704 0.0296875 0.035416666666666666
0 0.08356164383561644 0.3141124429223744 0.0375 0.04375
