0 0.1698394495412844 0.3485474006116208 0.028125 0.041666666666666664
0 0.1203125 0.16041666666666668 0.03125 0.0375
0 0.5501841971544715 0.18717818428184282 0.0390625 0.04375
0 0.52734375 0.09395833333333332 0.03656249999999996 0.04291666666666667
0 0.025 0.375 0.03125 0.041666666666666664
0 0.2566761363636364 0.5211647727272728 0.0328125 0.033333333333333395
0 0.754698077852998 0.5333333333333333 0.0328125 0.04583333333333333
0 0.5377604166666667 0.867361111111111 0.0265625 0.041666666666666664
0 0.06484375 0.9833333333333333 0.0359375 0.03333333333333333
0 0.10143649193548387 0.7976814516129032 0.0390625 0.052083333333333336
0 0.63046875 0.9371527777777777 0.0359375 0.04375
0 0.2828125 0.8354166666666667 0.040625 0.041666666666666664
0 0.09817708333333333 0.35694444444444445 0.03749999999999999 0.05
0 0.9734375 0.4957682291666667 0.053125 0.06041666666666667
0 0.9593377976190476 0.7142691798941798 0.0375 0.04375
0 0.82265625 0.6020833333333333 0.0453125 0.04583333333333333
0 0.5747916666666667 0.894537037037037 0.025 0.03333333333333333
0 0.09073660714285714 0.3124362244897959 0.0375 0.04375
