0 0.1684691011235955 0.38068820224719097 0.028125 0.041666666666666664
0 0.538708162568306 0.18066370673952642 0.0390625 0.04375
0 0.5640625 0.14453125 0.0328125 0.035416666666666666
0 0.025 0.375 0.03125 0.041666666666666664
0 0.2558854166666667 0.54125 0.0328125 0.03333333333333333
0 0.7516697896518375 0.5333333333333333 0.0328125 0.04583333333333333
0 0.4453125 0.965625 0.03125 0.04375
0 0.41015625 0.615625 0.0390625 0.052083333333333336
0 0.52421875 0.9317708333333333 0.0359375 0.04375
0 0.2828125 0.8354166666666667 0.040625 0.041666666666666664
0 0.9551562499999999 0.43374999999999997 0.053125 0.06041666666666667
0 0.946546052631579 0.7236293859649123 0.05625 0.06458333333333334
0 0.396875 0.6489583333333333 0.028125 0.03958333333333333
0 0.5744769313304721 0.902771816881259 0.025 0.03333333333333333
0 0.14921875 0.5802083333333333 0.0265625 0.03958333333333333
0 0.09180222602739727 0.3203909817351598 0.03750000000000001 0.04375
