0 0.16424107142857142 0.3599404761904762 0.028125 0.041666666666666664
0 0.0734375 0.20833333333333334 0.03125 0.0375
0 0.5481262703252032 0.1878641598915989 0.0390625 0.04375
0 0.5621448863636364 0.1275568181818182 0.0328125 0.03541666666666668
0 0.025 0.375 0.03125 0.041666666666666664
0 0.25782670454545453 0.5234659090909091 0.0328125 0.03333333333333333
0 0.753963672630561 0.5333333333333333 0.0328125 0.04583333333333333
0 0.5203125 0.8953125 0.03125 0.04375
0 0.143359375 0.7145833333333333 0.0390625 0.052083333333333336
0 0.621484375 0.9072916666666667 0.0359375 0.04375
0 0.2828125 0.8354166666666667 0.040625 0.041666666666666664
0 0.1015625 0.22916666666666666 0.0375 0.05
0 0.9721036585365853 0.47873475609756094 0.053125 0.06041666666666667
0 0.9556066176470587 0.7185661764705882 0.04632352941176467 0.05355392156862741
0 0.540625 0.509375 0.0453125 0.058333333333333334
0 0.6567708333333333 0.8871527777777778 0.028125 0.03958333333333333
0 0.5731041666666667 0.8952870370370369 0.025 0.03333333333333333
0 0.10625 0.3587029569892473 0.0375 0.04375
