0 0.1722047018348624 0.34539373088685016 0.028125 0.041666666666666664
0 0.1328125 0.15833333333333333 0.03125 0.0375
0 0.5510226117886179 0.18689871273712738 0.0390625 0.04375
0 0.51171875 0.11053240740740741 0.0328125 0.035416666666666666
0 0.025 0.375 0.03125 0.041666666666666664
0 0.2562073863636364 0.5202272727272726 0.0328125 0.03333333333333328
0 0.7549972799806576 0.5333333333333333 0.0328125 0.04583333333333333
0 0.55 0.884375 0.0265625 0.041666666666666664
0 0.055859375 0.9260416666666667 0.0359375 0.052083333333333336
0 0.103515625 0.8528645833333334 0.0390625 0.052083333333333336
0 0.6459134615384615 0.9546474358974358 0.0359375 0.04375
0 0.2828125 0.8354166666666667 0.040625 0.041666666666666664
0 0.0875 0.40125 0.0375 0.05
0 0.96875 0.4972330729166667 0.0455078125 0.05279947916666667
0 0.9605654761904763 0.71317791005291 0.0375 0.04375
0 0.9484375 0.60625 0.03125 0.0375
0 0.5754791666666667 0.8942314814814815 0.025 0.03333333333333333
0 0.08705357142857142 0.3096301020408163 0.03749999999999999 0.04375
