0 0.16600274725274727 0.3790521978021978 0.028125 0.041666666666666664
0 0.542123463114754 0.18430669398907104 0.0390625 0.04375
0 0.5515625 0.16875 0.0328125 0.035416666666666666
0 0.025 0.375 0.03125 0.041666666666666664
0 0.26064732142857144 0.5364880952380953 0.0328125 0.033333333333333395
0 0.7523951281431335 0.5333333333333333 0.0328125 0.04583333333333333
0 0.5140625 0.9552083333333333 0.03125 0.04375
0 0.29453125 0.615625 0.0390625 0.052083333333333336
0 0.5958705357142857 0.9367559523809524 0.0359375 0.04375
0 0.2828125 0.8354166666666667 0.040625 0.041666666666666664
0 0.16808035714285713 0.06517857142857143 0.0375 0.05
0 0.9627981870229008 0.46995069974554704 0.053125 0.06041666666666667
0 0.9490764170040485 0.7229546221322537 0.05625 0.06458333333333334
0 0.0171875 0.6791666666666667 0.034375 0.058333333333333334
0 0.4970170454545455 0.6776325757575757 0.028125 0.03958333333333333
0 0.5734039699570815 0.8999105865522175 0.025 0.03333333333333333
0 0.15666666666666668 0.7180555555555556 0.0375 0.04583333333333333
0 0.10180288461538463 0.3469284188034188 0.03750000000000001 0.04375
